3.613385407024313E15
-4.435068256796413E14
-1.289165724810926E16
1.7595675487477608E15
8.637338936052567E15
8.513331424894449E14
1.0142644838670375E15
1.711255345749061E15
-7.793549870176171E15
-1.2421742747798684E14
-4.1313219821756655E15
-8.113447485255982E15
4.79899280734101E15
-8.725520293156691E15
9.099933030451152E14
1.0405988934006978E16
-8.912803937793177E15
5.074380592430054E15
1.3954420729255815E15
-6.397439443073909E15
1.302667687801286E15
-1.9464679729117128E15
1.6542086760078085E15
2.927628954994784E15
5.96859115290771E15
-1.711222600578866E15
4.254241972928034E15
-9.621882639287242E14
-1.2635208048427952E15
-3.182608539055499E15
-2.3013361640268495E15
2.316708215494945E15
-1.4731842376858642E15
2.0521722099620298E15
-3.55948917162277E15
5.109085753037591E14
2.2525960549693665E15
-5.5954539251168894E14
-5.655336329452424E15
1.8355155282961118E15
1.5106843146605028E15
1.9245178131750158E15
-2.9415931503736795E15
2.604673079343503E15
-1.0509665275489511E15
-2.0633857539967372E14
1.102290246708107E15
-1.033262781114605E15
-2.932111045726678E15
-3.535588984669966E15
3.633930586690925E15
3.990767905483603E15
6.915825943007185E13
2.0915551209714602E15
-2.812241379554427E14
-1.01590440689369E15
-2.0808626690546294E14
-9.887708495387615E14
8.825618466065065E14
2.504614835787865E15
1.4919192411439092E15
-5.926351646180421E14
3.446998122854619E14
-4.4852909554700675E15
2.6042892490629962E14
-2.935451814144409E15
1.8973575304834652E15
1.2206291837626932E15
1.7283534041010872E15
-8.272292067400358E14
-4.2966847827106175E14
5.011590461644851E15
1.930354116891232E15
1.5816835336596922E15
2.246234719735461E14
8.561826506503825E13
-1.176844215249822E15
-2.7476235962740245E15
-1.5047922550227538E14
-7.586322521826862E14
-1.8856004970480905E15
-1.4000293785450475E15
3.060248765160089E15
-1.5549283728162848E15
-1.8359118550143E15
-2.086646604026453E15
-1.143432209778076E15
5.00397954548029E15
-1.4346786698676525E15
4.816020704075943E15
-2.589152621021211E15
9.358063229717072E14
2.412115876243014E15
2.7874540029394825E15
5.07124126197546E15
-2.868958184345942E15
-4.0205796385334295E15
-2.2188669410418005E15
4.956385717851874E14
-2.378942371083555E15
-2.2426960841315047E14
2.052503905969722E14
1.8313857540462962E15
-2.61257434588341E15
2.377906146705874E15
-1.4076469456357062E15
1.4234808592842898E15
1.426874398425949E15
1.3816267891360397E14
3.581250999730014E15
-9.774345737160335E14
-4.719643023251753E15
8.10881747883674E14
2.808023204368396E15
-4.251101493407005E15
-5.1630323493057294E14
-1.0137390241214938E15
-1.5613094058924938E15
2.882891910059248E15
2.2118309930478578E14
-3.621830436791107E14
-2.806153855359345E15
-3.680193013467768E14
7.92378796154743E14
-6.35671055017446E15
3.2463610312085645E15
-1.075609985101829E15
9.429144771702944E14
1.837960537703986E15
3.3984299620069656E14
3.477003937507975E14
-2.0629850485612598E15
2.3467246034712445E15
-1.6784369203744342E15
-1.3585294309840052E15
4.706498188515233E15
9.461523491930168E14
-1.6791451551116502E15
6.838596843076435E14
-6.272911543713948E15
-1.344585363836914E14
1.0182800792324012E15
-1.3198751957993242E15
-9.724426494435376E14
-1.7762241441545465E15
7.069869282918004E14
2.7676444921200975E15
-2.535308863622171E13
7.116313285943784E13
7.944576968896164E13
-2.625701280093613E15
4.0655724918555254E12
5.253607213518065E14
-1.5929387688736738E15
4.608221039806268E14
2.3830312585558955E15
-2.644680336090377E15
-6.515751961459869E14
-1.5591688835372572E15
-1.0825641413854212E15
-4.925154973860846E14
-1.0041766559395699E15
3.4832601278080405E15
1.6045861498999028E15
7.318880986591234E14
3.811984135602019E14
1.2830331331839508E15
-3.521101418304006E15
-5.812649613571889E14
1.3002749796610735E15
-3.500021306225349E14
1.3262001500808305E15
9.501900246437895E14
-2.2596873975869805E15
2.2231556517105792E15
2.556938928882041E15
-1.484508095750615E15
6.693066004974013E15
-1.565771304017869E15
3.467515831338803E15
-3.84185028077837E15
-1.3132394762086835E15
-1.4385509443833282E15
-9.408486633050829E14
1.5446716328912052E15
4.2608167082113385E15
-1.6829718631163508E15
1.1890826401907668E15
-9.115927574263556E14
1.3706388638694402E15
2.2034692445444145E15
-1.3896229391289195E15
-1.7797478154407845E15
-2.8507246823880285E15
-9.733020995235569E14
-1.3492495835943338E15
3.409376487453745E15
-5.922713270391942E14
3.516547922178897E14
1.9675594343115768E15
-2.993214330071532E12
6.711825562306086E14
-1.4384685667483288E14
5.3475518573927734E13
2.1119015364821952E15
-3.2219536332372685E15
2.0757508827667898E15
-2.0162666437045365E15
-4.982503792324863E15
3.483139606093432E14
1.8603482482678018E15
-8.557872465550014E14
-9.221132227097928E14
-8.397633788687966E14
2.2199124742962538E15
-4.2287383759489094E14
-9.34768647684949E14
1.3270156158795478E15
-1.1674345272272115E15
-1.5204857987847715E15
1.241127566439276E15
1.4463921639809698E15
1.9189268893008738E15
-3.760615261662846E15
-5.959738131771838E13
2.2185728230513222E14
-2.2459854405866288E15
1.8940215254765182E15
-3.54539984094739E15
1.9730580792074492E15
2.6455001150932456E14
2.2339691712188775E14
6.337038491200375E14
-5.846516978291062E14
-7.237598581467745E14
-2.801906109201698E14
-2.8402197522461E14
-5.176025377739398E14
-1.6927808604369485E15
-1.4449427056986388E14
-1.3266004768695732E15
2.15961791521753E14
1.1852657683029255E14
1.5779430581657742E15
-1.477461499049294E15
1.0669991980255568E15
2.284135671219708E14
7.024879424859786E14
1.56388031178224E15
-8.031747140317664E14
2.845190283679188E15
1.2988536115544361E14
3.273002356528232E13
3.1248806419517394E14
7.939906233024296E14
1.1106631499624408E14
3.6967180383821205E15
-5.751129411981991E14
2.0734056085490842E15
1.0777889409343658E15
-1.4572107145689725E15
-1.3103005776068923E14
7.625613133077371E14
-9.663200155359931E14
1.6798333965656778E15
9.430911506485069E14
2.0107094783097416E14
-1.7106959142223462E15
-3.9799843837237955E15
1.2291714866661735E15
-1.8745093478964612E14
3.340567094948131E15
-3.040836669833813E15
-1.8091775566759488E14
6.370069193908949E14
2.3141878958811655E15
-9.635780744041309E14
9.38316656477517E14
1.4139542948325705E15
-9.165797570556854E14
8.386895127133944E14
3.4064735729656095E15
3.660865996275025E14
-1.393370508392827E15
2.5802990020941195E15
-2.7206542460790525E15
-2.334188573698913E15
4.422039274273656E14
1.8137681983874165E15
-1.1873576367633918E15
4.233627512148853E14
7.401602296888845E13
-1.559892466902368E15
-1.2725463754820818E15
5.061416785156338E14
-4.1093250254109495E15
1.1207772854180767E14
1.3283812538368718E15
1.7172514636318885E15
-2.7008670454711147E14
-1.0312759138857026E15
7.650893848819931E13
1.241088817703878E15
-1.0358091078564248E15
-7.9157072181572E13
3.717186510722327E14
-1.624745822763989E15
3.1231678538299535E15
-7.024142685343334E14
-6.6214519399723E14
-1.2934367476654718E15
3.3952104755602625E14
2.6356489499135244E14
1.6940855869584352E13
7.025403740798526E14
-1.3902860838468805E15
3.170785751858786E14
-4.639192503277373E14
3.1925179153175544E14
-6.330462786467384E14
-6.365902871272812E13
-7.394822566843879E14
-1.038323217083708E15
8.316318566576895E14
6.241818081414674E14
1.3234971056709785E15
1.911587405402422E14
1.5402087985053605E15
1.7631388429944255E15
-3.296848416897879E14
-8.699624832289705E10
1.227781928236257E12
6.177359310124974E11
3.279360230631767E8
3.439729392035963E9
-7.365840925505869E11
2.965630367520142E14
2.680439066739283E10
-2.2038405841166668E13
1.1121368933258315E15
-5.795679683997591E12
-7.711140173927073E13
-2.8374515196075585E15
1.1445030510129208E15
1.6924833161220288E14
-7.571208407855682E12
-1.7006845877759037E10
-3.5046941958837476E12
2.293505187209188E14
2.115530280164683E14
-1.0100399276880619E14
-5.17392208926422E14
-3.9844328813674706E14
-3.0366401744348875E14
7.75677518448441E13
2.4255648022801205E15
-1.8927232035814334E14
4.354148078291089E13
2.2628472573375812E13
-3.1307374770533664E13
1.0917788244996281E15
-1.3647436379115398E15
1.7763676978656282E15
-7.201471733379314E14
-1.012311914763688E15
1.7730348722719078E15
-1.3273099800422905E15
4.8893389144153375E14
2.7190627120118222E14
3.8753628048574794E14
1.5823602356330871E13
-2.6384878815141853E14
2.1351674888266038E15
-2.3769698236236525E15
9.580049768200266E14
-1.5810750020037998E15
5.1286377996638644E14
1.4724489076842672E15
1.3416697838475738E15
-3.2407793325369595E15
-2.2871186008015406E14
-5.605999584675981E14
-1.3341958562812228E15
1.8736519423621018E15
-7.04891939374171E14
9.067848336754016E14
1.2111545726418535E15
-3.7048578806640606E14
4.61458654542832E14
-1.0078800176397616E15
-2.4454338400741588E14
-7.705653127241196E14
-7.560606110903828E14
6.976495238438793E13
1.2410361734870468E15
1.9274988117225528E14
9.7072598825623E14
-1.907779988401389E15
2.5519469140739556E14
-4.8958538931218134E11
-6.132582694905542E13
-6.040265679004208E14
6.06998197340972E14
3.617596600352273E14
-1.0254920094630838E13
-8.655815409934717E13
4.8452217261012414E13
-1.1875663989110783E14
-8.81627219457842E10
-4.66341156226306E13
-1.0310877849327006E13
-2.0832424290959934E14
-6.38576339178644E14
1.0074953636078758E13
1.6246324217111475E9
1.0987274108418707E12
-5.889667441937404E11
1.3702162706998692E11
-2.161145871113584E15
-3.0185749542478045E15
-792231.3433367158
-2581037.984042433
7.071637708759889E14
2.454037761129586E9
-6.444046916304097E11
-1.0147792916019279E9
2.0757453550869205E10
-1.7672692127203018E15
8.574749765292522E8
-5.760622065890848E10
3.6906119892235645E11
6.336529099074527E8
1.0384022026906823E12
5.752410663685499E7
-1.9287955510250122E12
3.581061402703048E8
3.734053502626442E10
3.0089318709965625E9
-1.065012316633461E9
-1470200.6433818452
4.562379789884076E10
1.0139263407359799E11
3.605924588055873E10
1.0412899252927193E11
9.775317565522883E12
-1.100386952153004E9
-1482952.257311181
2.76452761269729E9
380133.0656907113
-2.6801662333074087E8
9.381501736954071E14
-6.33604728075309E14
3.532946835350216E14
-2.4366039664877815E15
1.972049287917241E14
-5.120279050866142E14
-1.4857177478071975E15
1.329190599483096E15
2.1605157995432995E15
1.9288438207122142E15
5.216919162754881E14
-1.6763251970787968E15
5.5935869902118606E14
9.505879457626138E14
6.125166306957165E14
-1.758129951234046E14
-1.1576660151734857E13
2.0577371784873092E15
-3.630282461533013E14
2.385216244547339E15
2.0610399012396512E15
-2.6824643227459988E11
-1.9141739477360832E15
-3.609902333501577E14
2.1731587505748462E14
-1.2916985471908868E15
2.633031461655147E15
-1.6752618105107682E15
-4.8582195518115906E14
2.833760697099175E15
-1.406332938408255E15
-1.6936254810703138E15
8.891784041152094E14
2.83440046393746E14
-8.394562972921368E14
-2.5136041914862228E14
-1.0269172686165388E15
5.3680873922765156E14
1.1352027665567992E15
-3.649651887661171E14
1.4631488677237568E15
4.215825532127268E14
1.342089852261043E15
7.419170195684824E14
-5.294619832586628E14
3.738595925215329E14
-3.844631190918152E14
-1.9017163005504816E14
1.5890166391485638E15
7.879130947728925E14
1.577457388088304E15
-2.265241634970692E15
-1.6640375962458175E15
1.5836286667805734E14
5.587632234995005E14
2.115079609688826E15
7.86766234041526E13
-2.1216813010603415E15
-1.3388334316805832E15
3.006520226315576E14
1.4084851458788302E15
9.493241777841272E14
-3.283283611892048E14
9.009816779011894E14
-4.7676573202609356E14
-1.3245374110943178E15
8.057872959450051E14
-1.0763529464451621E15
-2.0910744800873608E15
2.2354930783726312E15
7.946864120367392E14
-6.272660378653456E12
-8.721218735899812E14
-1.1619953305574082E15
-1.3935995786510368E15
1.9972751890597395E13
5.021797736499803E14
-1.3619317282440468E15
2.1162081784031658E15
1.622809563133047E15
8.752743697815525E14
-7.135024829715829E14
7.889252356134112E14
9.494410661568856E14
-1.4929852656628872E15
5.358449319916281E13
8.171692072045224E14
-9.566339474597995E13
4.164288935616082E14
-1.510407011552417E15
6.023252088093924E14
-7.060990236771211E13
1.8514540424282566E14
2.867134369413114E14
1.2692257180694458E15
-5.919614140091361E14
5.541513497550328E14
-1.7277149327697512E15
-2.0772015490411697E14
-1.786008946538523E15
8.996939121114444E14
1.4234470960613934E14
3.532358225716563E15
-4.1769592587641425E14
-3.324209664540838E14
-5.753923484243344E14
-6.01300628549963E14
1.0759477270698544E14
-2.6481147658126634E14
5.667601973659284E14
1.151651462053047E15
-1.3774038104706042E15
-1.2008105400688422E15
2.7845988131881594E13
-8.444517482375286E14
-4.0177745804695606E14
-1.0951605490774849E15
4.6424935857648956E14
-4.667384992997443E13
-5.577600836031443E14
-5.3564065656712734E13
1.824430503837921E14
7.69549091124656E14
-2.137503102989022E14
9.709466893707579E14
-2.3396917593506085E15
2.8233443883473215E15
-1.3599278250696745E15
5.582205143665357E14
1.9143348171804158E15
3.292102907059968E15
8.316338931700061E14
4.438344985384017E14
2.773653286925497E15
-3.02358045986229E14
-8.391637406373748E14
-1.4011041208109285E15
-6.117854421275434E14
1.4252421006701315E15
1.4321907277422192E15
-6.583760838645544E14
-3.179127476355781E15
6.726954864013801E14
2.637687957224641E14
2.481607378231155E14
2.391857238600716E15
-1.0495263436179028E15
-5.5980316364043325E14
9.320012277371605E14
-1.4300477275392812E15
-3.689838210967594E14
1.0631504771993045E15
4.09804500653823E14
1.6147666077991418E15
2.8926420669306356E14
-4.603636691246252E14
-6.100144933213698E14
-6.374027189538115E14
3.878754217125814E15
1.2346777478753848E15
1.1943534534368355E15
-3.3825940404553456E14
-1.690634984417705E15
-1.6108713542580685E15
-5.1750627045233456E14
9.418559240963321E14
6.033498825905981E14
-1.06978203548971E15
-1.2485860591620738E15
-4.3637127115882256E14
-8.51113083138109E14
9.054695814979499E14
2.109799008541038E14
2.178633332667633E14
-2.2499441310180503E14
-2.2421349381571482E15
-2.7696633996507506E14
-3.523677603054085E13
7.159684048174276E14
1.323125500032697E15
1.3848293469697495E15
-1.144765925084324E14
-8.235140792305752E13
-1.4674699063397325E15
-2.801108451939032E15
-1.2586084769979935E15
-2.0951945347831347E14
-2.8538907321154575E14
-1.1267104096703325E15
2.492612154990669E15
-1.2017615942630312E15
1.0639710014354706E15
-1.6304845293540734E14
1.819103466244943E15
3.3012248728531944E14
1.14978615788188E15
-2.9834071383764756E14
-1.4416295384825894E14
3.461728300185691E14
-2.0612395301173172E14
-1.1123870504331166E15
2.7893056310449997E14
6.238903721046486E14
1.2580238679150582E15
6.440315935656356E12
-1.0943931883255708E14
1.4620530619321075E15
1.528372556282104E14
1.2117599021476084E13
-1.3819250511959639E14
-2.3985296386751403E14
-2.382916516124927E14
3.277035612187821E14
-2.759994541828305E14
9.264156371535268E14
4.901361294889967E14
-8.275819969675088E14
1.2986755340059972E15
-1.8894645235951998E15
1.1880880399569665E15
-7.232470505777048E14
-7.026586984451371E14
7.008631640953114E14
7.932142447280462E14
-1.2402192752261465E15
3.1178002444013135E15
1.1499613420849455E15
1.4175310986668488E15
-1.3379535907002458E15
7.115312370602653E13
7.226172578424346E14
-4.685276734920235E13
9.082354135114394E14
-5.883915109680714E14
1.0269155879750974E15
-2.1413132946908647E14
-1.632148133521062E15
-6.488067621046818E14
-1.4415536928586008E15
9.801425107829605E14
1.1497862001963315E15
2.1174987337160055E15
-8.316386469793029E14
1.80072246608213E15
-3.0580149838902144E14
-2.2910912625024075E15
-2.2929532728362495E15
2.5103419953514985E15
-1.609805732346094E15
-9.78700116206092E14
4.9963468458026644E14
-1.5015947538980168E15
6.398974605332336E12
9.201934866155473E13
-1.716847830161973E15
-2.0503453649284547E13
-1.6102714676562872E14
1.2669077856868208E15
1.2796688242564115E15
-1.5346782060756422E15
1.0679398146140238E15
8.828096438914738E14
-5.60903700136211E14
-1.2359057808220288E14
-1.4921410257570144E14
-9.457375890710452E14
4.502025765550212E14
1.9697605387070065E15
-1.23624795610066E15
-1.6796936680243492E15
-8.661185195239314E14
-1.3924164967705358E14
5.713805808583011E14
9.629323218447972E14
-1.4240483118898238E14
-6.368529549456091E14
-1.610078492328794E15
4.22611071763961E14
1.0560383859937306E15
7.703249316426211E13
2.583958869860685E15
-6.161093059024884E14
-9.960515864509585E14
2.9063977329874336E13
2.301896028688784E14
-5.4900639218302844E14
5.547686629137176E14
1.7746745355774202E15
-2.6659900418372405E15
2.609013282082966E14
-6.255835258952789E14
-1.1151848779105984E15
-1.3173855517984903E14
2.879732536688253E14
9.514218979693779E14
1.5534830727667625E14
1.0554713900580611E13
-9.8052446008044E12
2.2066743906135862E14
-2.3198826620382915E15
1.348878968124081E15
-2.3961836229879047E14
1.6068424533105685E15
-5.543834128785537E14
6.601050283195484E14
1.3342053115307818E15
-2.2304664257453162E14
-1.358321091274316E15
-6.190836902881354E14
-5.977621348377971E14
6.899746968190275E14
-8.241274374305582E14
-4.329014966422576E14
9.47459414314659E13
-6.402489043326004E12
-2.0985026746677397E14
-3.7025564296513525E14
7.284690118877886E14
6.417504265654473E11
1.3429757893966435E15
-3.2645217614494394E14
-1.5507773815695515E15
-1.3179057644315225E15
-2.3467822613574E13
-1.9652836268275684E14
5.2784034386549075E14
-1.0065854024084288E15
-3.9937677556817944E14
5.85010954220596E14
2.4521333666311497E14
-1.3646678708834012E15
-1.0485922222975069E14
1.2948982973269002E14
-1.7154826001098425E15
2.0260715608085156E14
9.548963441522284E14
-1.2880157059484895E15
1.7101897744146145E15
-1.7664908905488745E15
2.148023323736933E15
3.105602918887354E14
1.0718827026516179E15
4.3259516298574225E14
-2.645937503939878E14
-4.775660315001432E13
2.314829919573272E15
5.3313099161087425E14
-2.8708809270498125E15
1.464602503531502E14
2.120880343553889E14
-3.301621595675759E15
-3.4546898582212075E14
5.794120321123866E14
1.208571192723589E15
-1.7627071162748144E14
1.5634897621006898E15
-2.8616070021610305E15
3.789749227083288E13
5.701822124261352E14
-5.589744954218888E14
1.4077755495579958E15
-3.5828456487358844E14
2.1774283881141694E14
6.102581156871692E14
1.450375034464326E15
-2.954515182605515E14
-1.8992635376145378E15
1.658396751810455E15
4.202118073878672E13
-2.0119019570922912E15
-1.2158893349128818E15
-2.1224824698461942E15
8.67682897622277E14
2.8968925240669465E15
1.0579977170465014E15
-2.1838696879044788E14
-1.0031053735577329E15
1.1088594238332241E15
-1.7391025515675798E15
-1.165627575190911E15
-6.739761628180692E14
6.768721267289202E14
-3.473414805122144E14
2.546621346322472E14
2.010315689533407E15
7.154511999876745E13
-1.7829959357243312E13
-3.033412359337907E14
1.0087529692494631E15
3.5151521005257325E14
4.239052013514699E11
-1.7585037369876951E13
5.124712674733992E12
-792231.3433483134
-2.529275785559164E10
-1.9414516932532854E12
1.9559216157100617E13
-3.1765275099893257E10
8.992095894657304E10
5.239863238826367E14
-3.3130509024565694E14
-5.540504859375193E11
-3.858588111632792E10
-8.458888258870414E13
2.6653168859212378E11
-2.0823162191641594E10
-1.8638924997635338E10
-2.6245334213936734E14
-1.5528803789294717E12
3.5784832503345986E12
7.701837468699402E7
-3.593211210410418E11
1.8499391894141863E13
-3.867230140342566E10
5.4404431968980965E10
1.2638305694849197E13
1.8230631301247717E11
-8.934720508863798E8
2.583361190330848E9
-7.175425015096758E14
-4.09079964558655E14
1.3600477799824348E14
7.197526070227328E13
-6.904558135769336E9
8.662642791261192E14
1.1107287658103004E15
-1.9545250917835306E14
3.806807619453949E14
6.39960750292922E12
-1.4165419228116885E15
-1.2941172460708125E14
1.4947046138468622E11
-6.168180929066168E12
-2.2976292598163364E12
-3.3496675116628206E14
3.5254204556536344E14
2.6332090113297525E15
5.842541514922766E14
-1.5100332786293545E15
3.680039062541079E12
-4.319664049228256E13
7.579060341565939E14
1.1203459126982297E14
-3.8014155012720594E14
-2.1378478038592834E14
-3.259632409811542E14
-1.449488004489339E14
-1.0380951483783164E15
-1.0977187353919034E15
9.202876410493878E14
2.0503168623239072E14
-2.486288942345847E14
-4.767402394930975E14
1.6343476865620822E15
7.779855628142689E14
-2.88596521699345E14
1.209404948987255E13
-1.0965654479122489E15
-3.714616956919741E15
1.5576442353431238E15
-1.4298611978958008E13
-1.1168024120449856E15
-9.101309871934014E14
4.0118946892741306E14
7.91820006101068E13
1.6134549093912744E14
6.870152998350629E14
-9.536431252771564E14
9.472845668831546E14
9.201645547114889E14
-3.546397863701647E14
8.351007121378267E13
-8.605939332909852E14
-1.456800271494655E14
9.169964645857319E14
-6.49864065812968E14
-1.0294776986104665E15
1.3686462732638533E14
-6.743374604088821E13
-2.2234879411218888E14
6.543797811349516E14
4.530479270514088E14
4.5898124844129456E14
2.298144187508195E11
-1.4736357010804105E11
-1.2620998301571155E14
1.656493203757053E15
9.481119433332711E14
8.743805206617305E14
1.334592776335985E15
1.2053942879141673E14
2.7609786875532086E13
4.779361605190273E13
-1.6388398116978002E13
-1.0483357735572166E14
-1.7920505592567388E14
-1.1230529106357035E15
-7.809848582903969E14
9.2793587357624E14
1.1843308985312127E13
4.1211504287632006E14
3.1466917179998375E14
-1.4946784504592318E15
8.36367161982202E14
-2.912076050178819E14
1.1852367783681018E15
-3.715202602123161E14
-9.680483377343844E14
-8.531374277975184E14
-1.1628584847872148E14
-1562799.9891453974
