5.952873658417755E15
-5.432763313653461E15
-4.959850441965439E15
-9.376210323618372E15
1.0639546822675254E16
5.629361374747384E14
6.60862119440554E15
6.28722426298037E14
-5.585820699837523E15
-3.8525623908373985E15
4.2091830814678675E15
1.0102632489664199E15
-2.337082753116601E15
-1.9142426746440468E15
2.274169197762581E15
5.057449721221317E15
-3.545860334806135E15
3.4254523347929435E15
2.891054434001252E15
-1.056246093171274E16
-5.318122851908832E14
-2.739151552380562E15
2.6206887181914065E15
-5.543818639424908E15
-1.204115091671582E15
9.078680078171685E14
3.29475819485364E15
-1.245958763968443E14
-4.417523288488263E15
-7.62035052497173E14
4.319658696720146E14
-1.2478522432485228E15
3.19810775054395E15
-2.1018814182144465E13
5.745919533285349E14
1.6889857879535056E14
1.292619877433254E14
-3.8685545595931265E15
2.744961614515375E15
6.54938623260036E14
-1.308798970965209E15
-5.424806976430765E15
1.7298243377138298E15
-1.9735736409602975E15
-8.459727523896599E14
-1.2221718122113267E14
-1.141100508705754E15
-9.026891539890624E14
2.7286836312270495E15
3.942508602345845E15
-7.002207270771934E14
-7.218329961444097E13
-1.4298637733916932E15
-9.232198618786773E13
-1.162770335060328E15
7.018684437378421E14
-1.133101508410506E15
3.593951197385281E15
3.165803869075642E14
-2.491937120204261E15
3.27071952794153E15
-5.5265255463577144E14
-5.929613969239095E14
-1.6829109664078805E15
3.8761785849518944E14
-2.9328683549370955E15
-1.9161265794927115E15
1.812671124153476E15
1.1532915769150588E15
-3.169621169245556E15
-1.7655953005049768E15
4.183925069955333E15
-5.2029853860471856E14
1.3875704546180475E15
1.128922118081015E15
1.0281572473007223E14
-1.0158511885212166E14
-5.855318161258741E14
8.76420862839377E13
-1.0444264699276094E15
-2.6209999705710004E13
1.7022275300798498E15
-3.72627573890439E14
-6.532319366055658E14
1.4393670708260512E15
-1.7990154405786298E15
-1.175048657188565E15
2.641099278524961E15
-2.0951818249043095E15
2.0572242074352165E15
-1.2553821061363665E15
3.7065396095686044E14
2.519316514248908E15
-1.3662000699824092E15
1.8379525285266818E15
-1.1522903354201795E15
-1.220143316975743E15
1.477922448060274E15
1.1169483159601545E15
-1.199401505421317E15
1.5554742965737525E15
2.650934691856101E15
7.780856481476621E14
-1.9375309493721035E15
-7.841844706485164E14
-1.480637675806619E15
3.4472887766258005E15
5.841422620978641E14
-8.056667540431794E14
3.7910820139820706E14
-1.2125914670697315E15
-3.626288793309666E15
8.623903521902749E14
4.191417952190952E15
8.762232655044422E14
9.612004001958084E14
-1.5462685018532685E15
2.2790982738231685E15
-1.9402636055877818E15
-2.7858753918302155E15
1.2129258599384445E15
-3.1010062026755644E14
1.328154500067085E15
2.9289525147185075E15
-5.971455844152832E14
2.0560481779776952E15
-2.487303054697816E15
5.1446063960539206E14
5.270354350918265E15
-1.4358595404153875E15
1.680152102987856E15
-1.9584416094379165E15
2.512957650622666E15
-6.558166774420974E14
-5.946321362598816E14
1.9092737919340072E15
3.547946317817065E15
-1.5759436595094225E15
3.421908743091701E14
-2.8086901427779935E15
2.433038244127859E15
-1.362300197463345E15
-3.753118388411273E15
3.934821603735249E15
8.464007181998632E14
-1.52193099714947E15
-1.4112409726641694E14
6.011688394120509E14
-1.2077248282058718E15
1.7839150924538008E15
5.705474479620188E14
1.1444480543528775E15
-1.303194497548637E15
4.4080025227704056E14
-6.471864797411158E14
-1.060053917552184E15
1.155894923231064E15
-1.6200479547161562E14
-1.3357764812378972E15
1.3256523390277928E14
8.46396089872242E14
-8.891406027053285E14
1.379852118394099E15
1.3033996630807268E15
8.747705884167512E14
-2.642917284036603E13
-1.643256273770333E14
-5.4840229496686094E14
5.885628345588264E14
3.817729511629187E15
-6.337238810488571E14
7.24592305797336E14
-8.123482454214299E14
-1.4526891031686468E15
2.0400267855797875E15
-1.4063245533332088E15
-1.2724289177545218E15
-4.789686696923652E14
-1.245919877882181E15
-7.2883340593152E13
-1.7234199432042825E15
5.734375198111639E14
5.4347286923342325E14
8.614297031290551E14
5.4068038308179125E14
-1.0891386325333038E15
-1.5317651097409325E15
3.5352905721709356E14
-2.7177447821374355E15
-7.236188990188304E14
5.331529157336795E14
-6.89982537439355E14
-4.260616547416394E14
-1.9367374033112698E15
3.693729648960485E12
-1.0124821754102818E15
1.4956919505136075E15
2.3031459610084506E14
-7.531927578574572E14
1.2501458183428612E15
1.8945104370448068E15
8.568643104253362E14
-1.4708783001198758E15
-1.7268397506942202E15
-3.1948651334448694E14
-1.0286810325549245E15
1.1773892516272385E15
9.235416694862572E14
-1.0303081732040138E15
-4.012365960565568E14
-4.125457711145498E13
3.069855961994748E14
3.3489562705436875E14
-8.887950007657294E14
-2.0215157546420672E14
-5.275838267886768E14
2.3480900260710875E15
6.356761717366155E14
3.052852622081648E14
8.999165159182628E14
5.412726367048238E14
-1.8983093946789995E15
-1.2767682274141965E15
1.360727070448384E15
-1.6116552128443965E15
2.671949441049285E14
2.5515108628395066E14
-4.833725583512412E14
2.775792944277509E15
-1.8524793886565078E15
1.7223421848457942E15
-6.856089139821704E14
-1.9746926048710994E14
-2.4256695899598144E14
4.00987547605186E14
-5.538738929562148E14
1.8414882735374675E15
-2.3906211033272028E14
-2.4379037742602553E14
-4.005801349532293E13
-5.669124707858165E14
-8.602548018656708E14
6.744457557610351E14
-9.556079621591571E14
-3.003437473536237E15
2.6292873832264816E14
1.479378256361076E15
-3.787831438291154E14
3.0620234096694344E14
-5.167280006599508E14
8.900402408758859E14
2.2370869202860334E14
8.919702801143838E13
1.3095156296592972E15
-1.8022992613009018E15
7.101273869800634E14
1.663302550973663E15
-6.111699548769335E14
-9.693495480143372E13
2.5892055859120262E14
-6.865396494622441E14
-1.2643595897990695E15
1.4544701045401872E15
-1.1792991193165712E14
-1.577124081637902E15
7.28836026004176E13
-5.268977064918601E14
-1.656947467623779E15
-2.7455217125440405E15
2.718323366220264E13
-4.1344757074149044E14
1.232186954616186E15
1.9293027075161756E14
8.01243139585418E14
-8.820235937362089E14
1.264393023900674E15
-1.3465750221647582E15
7.201920669470661E14
1.3017754822985732E15
2.919981949037009E14
1.4783327524656308E15
1.6081185524321358E15
1.7018894186570392E15
-8.236472601158998E14
7.187394043624051E14
-1.2542798366529365E15
-1.945081703956556E15
1.8194037690640142E15
2.7250868295277266E14
7.87444494441598E14
6.808116605342035E14
5.867186074141853E13
1.1741909942369602E15
-1.2348462072571892E15
-1.0293020366011362E15
-1.9844766602638875E15
-2.226170379853488E15
9.285277321752115E14
9.295292380559438E14
2.6037178457322894E14
-1.1586505120651715E15
-7.069722184415815E14
7.765712957318223E13
3.0292504896528275E14
4.680921711741227E14
-2.078119942908111E15
2.711132001974978E14
-2.0795657099590884E14
1.4824846203060808E15
5.505120107536314E14
2.328112930715469E14
2.6287841945356416E14
-3.421922460535417E14
-6.364483403624676E14
4.0752375665743425E14
-5.05716774760832E14
1.542639109981595E15
-1.2054681894530968E15
1.2318412125184578E15
-6.42837416417692E14
-2.5641446059829418E13
1.8536447060161166E14
-7.607126200853752E14
4.10811251824277E14
-1.0421737094520332E15
5.5114070214377925E14
9.890375762377858E13
4.0990187817791706E14
-3.793345574101402E14
-5.483050292767265E13
-1.8460751727396088E10
-3.7840814024289526E12
-2.7158148274368364E12
2.058082057103954E10
4.256007427550055E9
1.696087991293449E12
3.623963268907104E13
1.1282998529647661E11
1.4017549661723002E14
-1.0169252025882473E14
-1.0112291460466213E13
-8.570554141041049E12
-1.2948537007567982E15
-1.223910104211357E15
-4.55296333111437E13
2.661842777025364E13
-7.873030135447452E10
-1.4341218874310084E13
2.6598923040529278E14
-3.575896884703795E14
1.1194923349944616E14
-1.3361234391249678E13
5.08491795825748E13
-1.3913293285973005E14
6.1388249991427734E13
-1.1823770320053983E14
-5.865196003255491E14
-1.6984669206992534E14
-3.28905823224568E12
7.265272703732307E12
6.913514735772892E14
-1.5478535549578475E15
1.9046364045724808E15
1.250460221920768E15
1.4470470765278143E13
2.103863853035112E15
-8.547238396614169E14
-3.169813166394506E14
8.621881546152344E14
-3.7028722138001775E14
1.733812426870607E14
-1.6123998843175503E14
-1.3007345108457632E15
3.167940081262544E14
1.7223019421814968E15
5.251116595448828E14
-6.659175574210591E14
1.1668432257148545E15
-1.1686980584185002E13
-2.7459450244459957E13
-2.2206812407788053E14
-4.495074158508223E14
-1.4449159289873375E15
-4.916751726931206E14
-4.3514207344273356E14
9.6737372018572E14
-8.509955477897218E14
-4.413986288176106E14
-6.198885840584058E14
-7.544460045969456E14
3.494298142741836E13
1.8198741151586756E14
1.2514407746339082E15
1.6985037599094102E13
5.240495990997408E14
-7.641480107081425E13
-6.475367188878889E14
6.822700423867576E14
7.281057499172655E13
-3.680689472925308E11
1.164931205295962E12
7.519611902733811E14
-1.0162431776068184E15
1.3793498209291146E13
-9.25825643656354E12
-3.508609432463218E14
-5.08702055858682E13
3.996966917853395E13
-1.9876139395990765E11
-9.212542292879398E13
1.1060048538116604E13
1.0749229822094305E13
1.8011582268549575E15
-3.6289319321254287E12
2.0853464283221127E10
3.8002357422718164E11
-2.366937056596497E12
4.894912003726345E10
3.6851421692081956E14
-1.4751645416276652E15
-3089501.594060574
-5910350.168341572
3.641688802596616E14
2.5294736204044357E8
5.281018538722395E11
-1.3925532878898077E9
8.241213483840319E9
-4.8093629343228775E14
5.2735705146380424E8
-5.307422479860541E10
3.0377945064951825E11
-2.4299677409008193E9
2.6078605792752314E12
-4.98791421308462E9
-1.0073751752115237E12
4.143888668720751E9
-1.5483215444679398E11
5.185108304511438E11
2.8465229346088165E8
-5840727.492498484
9.80398354854091E10
6.910459022628758E10
4.259476961599166E10
2.1825229002258575E11
1.349295972177337E12
-9.987925784986029E8
-6216908.247428335
3.514532927637563E9
1856949.534300618
-5.072749941518546E9
1.6949911552678903E14
4.7054023790650525E14
-3.222693712221837E14
-2.2966451507447707E13
-1.7618220249046478E15
-2.1698479405848468E15
-6.509828972263332E14
2.277309591212404E14
5.6147279159142586E13
7.685726942628416E14
1.1691623668400636E14
-1.9191927398017395E15
-1.9652456409901035E15
1.8502454503075412E15
4.355676379499099E14
4.3663910390424966E12
1.6902989320618422E15
2.953065571165454E14
7.882824051802634E13
1.4383700387927552E15
6.942065644346621E14
-2.3032837133962954E12
4.594364227064177E13
-1.7610916236652875E14
7.526220110696423E13
-6.58187551453063E14
2.0411218555374658E15
-2.6267679613127955E15
-4.502338587289494E14
9.358983588462135E14
4.3699396118122575E14
7.224070343774811E13
-4.626942624638834E14
-1.913081472392845E15
-4.7629029949358894E14
-1.6772107764446294E14
1.4472375700902382E15
5.792803746775352E14
4.866321282605665E13
1.0904250814611751E15
2.239913425542866E15
5.870313588381985E13
-7.201958654395029E14
1.499405300383987E15
-2.136997950159077E14
1.2323015879824312E15
-1.4702287275941278E15
1.4685559631189103E14
9.803645974049269E14
3.899314470399368E14
1.353605940801962E15
-3.4910359023519606E14
-1.8332237606042932E15
-3.4255722087106694E14
-7.580079660174238E14
-2.8131394214224703E13
-2.8177488688358156E14
-2.048306184318207E14
-1.1221547088948984E15
-1.0555501576180864E15
-6.451881299183644E14
-3.17782012969372E14
-3.574091096752133E14
-2.9486717497890494E14
1.2177462680463414E14
-2.7067833468393562E14
-5.924625479553242E14
-2.6187111484461484E14
-4.7930893307437156E14
1.3393481586294618E15
6.447751736594926E14
-3.3326470273007375E14
-1.5705887060336538E15
-8.392628706869364E13
-3.634204807699295E14
-1.2362966746288678E14
-6.970776764409771E13
-1.867116202122396E14
4.39360247423008E14
1.1117534206626378E15
1.7632871455480084E14
2.0647170787116025E14
1.338333045595777E15
1.6012426219680428E15
-6.98103021314496E14
-5.850258182789109E14
-1.0149131261378729E15
-2.4007487826916082E13
-1.5324370229978678E14
-4.017262765454481E14
-1.395560470282161E14
8.438088278267645E13
-1.2936232743338983E14
-1.0519565696350145E14
6.636566291687946E14
-5.5698389836873144E14
4.4167086491488194E14
-8.632002750571625E14
5.155578727869351E14
1.4688838917256403E14
-1.2233096701080148E15
3.745272541018707E14
5.146738849484918E14
7.950960944283529E14
-1.927456578731752E14
-9.182457535550268E14
-5.990784324157158E14
1.054274282773492E13
-1.738394839619313E14
-2.4173864936744303E14
2.2388962239375344E14
-2.8412411730390775E14
-8.438018012945629E14
9.240617764485553E13
-1.9908169963209053E14
-4.821335342722313E14
-2.171933411581688E14
7.770435923254638E14
1.9060939851827182E15
1.7767471619495906E13
3.211051374582251E14
7.448467509505477E13
2.1207718539155788E14
-7.166917386673639E14
9.106968850309438E14
-2.1154552927006432E15
1.554781857840782E15
-6.507354328937395E14
1.2586400861254612E15
-1.3194076925150052E15
2.2923769147196125E15
-6.826675821757575E14
7.517998194313091E14
-6.249610294752181E14
-3.1773606902440594E14
-1.437268735310698E15
-1.643978738350909E15
-3.926227890861796E13
6.273792079019792E14
2.1153771572125178E15
-7.601915636346928E14
-2.428822684313663E15
-2.327061153871044E15
2.412041608583384E15
1.2547768604132418E15
-9.957584127038561E14
-1.8904347714915512E15
1.0699052752343385E15
1.7595325408525075E15
5.419607784137267E14
-1.4319389654683309E13
-5.931954666712918E14
-1.8484809988152915E15
1.2739549477199315E15
9.53806337400336E14
1.1189319064112882E15
-1.4818354310464115E15
-6.088915817176695E14
9.720640496941712E14
1.145085908556925E15
4.8244627195715125E13
3.0221095721595456E14
1.23859062604768E15
5.2229999591023206E14
-5.991667102362476E14
1.5152313200547895E15
-4.86171839570592E14
-1.6960201155342598E15
-2.1187323558246315E15
1.3650545858648342E15
1.2593835991829935E15
4.723299372274352E14
1.1910603819705858E14
-4.0049687539017475E14
3.696980638913056E14
-2.385695010013905E14
-4.9358410168235805E13
8.386327324307919E14
-8.816991791777142E14
9.96561407140168E14
9.587141747834706E13
-8.420879274475241E14
1.1589225627120018E13
3.843895583080015E13
-8.39554753781223E14
-1.085983285664633E15
1.5225531458247308E15
4.4029265133917194E14
-1.6496939507288188E15
3.1685267315700506E14
9.455594944440459E14
1.5717075849308962E15
3.5095837043464806E14
1.7178183245281498E15
3.616654742653499E13
1.4301414587886265E15
-1.462146554295178E15
-1.88834090549566E14
1.6537953835784102E15
-5.759800941474938E14
4.767775307403394E14
-7.373987312477752E13
-1.8979568787432516E14
-9.63054757291994E14
2.4284652280934422E14
-1.2394880738227958E14
2.887898091749897E14
1.2585623576326133E14
1.5294842748278116E14
-2.6064346845550866E14
-3.1862147275940544E14
-4.789710068423955E14
1.4548595806293558E15
3.156678628556229E14
-3.3638560650632254E13
1.3120131353668765E15
-2.6432039887927925E15
-3.122462356694095E14
3.0331056322130894E14
1.2043440264833758E15
-9.187555772335919E14
-1.508035333902698E15
1.7106461301193962E15
6.017865919304409E14
-1.7394106519680515E15
1.7543340320998618E15
1.0077210171518558E15
3.4380306568428906E14
1.4935483865284968E15
5.345519673515774E14
-1.3735126252520238E13
1.288396698910625E15
2.64844641418151E15
-8.272915293514786E14
-1.4783032937805275E14
-2.557534750509373E15
-3.081056375903788E14
-2.032306960899828E14
-1.0369323936761592E15
-6.714800473540629E14
-4.645893941703841E14
-1.0395122965029798E15
1.7272996663470447E14
-2.3186849728562172E14
5.354518213361386E14
3.0712219587260863E13
-5.2895801432752944E14
-1.0002699688814071E15
-1.6902681617494744E14
-7.365178285064964E14
6.02875557836182E14
1.2150973021049128E15
5.536501055074745E14
1.6229458554076875E14
-4.1620849415773194E14
-2.415916800452777E14
-5.803465426367196E14
1.0546726297647851E15
1.1376237033092798E15
1.0097358590750414E14
1.0282493237410075E15
-1.0548716908531864E15
-6.01189990791139E14
-1.133998932426458E14
-5.11051162821582E14
1.961031772048777E14
-1.8038623708750435E15
9.371944900399808E14
6.968111082485252E14
-2.086701488012829E14
-1.688342319350819E14
8.900505690974378E14
1.3882004219264265E15
-9.701192575079485E14
-1.8317390031914594E14
6.873080288054849E14
-9.987367047454104E14
-5.2635937028389694E14
-1.0504159185714242E14
9.668390746065422E13
3.518253191195524E13
1.467695081363131E14
-1.730613549104505E15
-2.625322119924253E13
-7.272641263807958E14
1.666161050176663E15
-9.790907468859858E14
1.0995326633333846E15
-8.116478296284408E14
1.0120514661407279E15
-6.512369010780938E14
-1.9718158212918805E15
-1.84850214003079E14
1.57190910195018E15
-9.090562338801252E12
4.837186213056515E14
1.0876167357821795E14
-2.698377384162197E13
-9.612419552857731E13
8.664252786426811E14
5.801680074017937E13
4.2165473517342225E14
5.052816111278725E12
-1.138157260011377E15
-1.981440155069185E13
3.453140835292816E14
-3.840585219523033E14
-1.1488155698614852E15
2.333142767864625E14
3.0907401238574425E14
1.546450043017348E15
3.579257571412899E14
5.497963475380169E14
8.273250010023125E13
2.2050699595832373E12
-6.762023120357988E12
2.0330684537480772E14
-1.5503400529556244E14
1.6034462203411997E12
2.3877744476181725E14
-1.2693840538093162E13
-2.6012234577451725E14
-3.637854538061186E14
-3.780355107678053E14
5.2607985997151494E14
4.9652764473259456E14
7.175112042657155E14
-1.440665778180028E15
-1.5181630322972047E14
-2.0163808996803325E14
-5.430303260274098E14
-1.599034986361307E14
-1.9306108653859312E14
-1.7064402219124075E15
8.514096563805051E14
-4.7357515475768494E14
4.1775651369724906E14
1.2194229610533755E14
-3.7494384505204945E13
1.7542711157510575E15
1.55849563070135E15
1.3425023476438435E15
4.908057445771503E14
-3.404416361156123E14
1.6381424443955885E15
1.7176120858986378E15
2.9260062553879086E13
-7.869156606056507E12
-3.4421430591711215E13
-5.538697440270028E14
6.568285976065959E14
-6.182755464110595E14
3.6711872921122944E14
7.379123873451672E14
1.2294437154934435E15
7.81811350026935E14
-7.83816356628586E14
-8.216324427849044E14
1.2011512566989467E14
-8.633181179902598E14
-6.546022078746901E14
-3.1954515492819473E13
2.4289412289814103E14
-2.3385480052108266E14
-3.784540265279544E14
-4.9083482782407256E14
4.143610630088259E14
-9.127296112995814E13
-3.739092777991338E14
7.49641364597566E14
2.3341984122413462E14
-3.5313911804073694E14
-3.4772637772224175E14
3.6923870413635506E14
-5.284945916187399E14
5.663806373606629E14
-3.9601769356340856E14
7.444701985780275E14
1.1454133183085064E14
-7.292120787780059E14
-2.5164368123704247E14
7.649131281743491E14
-8.867512909213033E12
1.0897126656893886E14
1.6675045817155808E15
-6.738619726977249E14
-4.773983255681836E13
5.826628649543946E14
4.057083923382058E14
-6.16725401476932E14
1.1407750881900679E12
-1.300380935425516E13
2.0439306240920496E11
-3089501.5941066523
-4.5510648180226794E11
2.212412610024091E12
1.7132551382132262E14
-9.449112935208652E9
-4.062151588377455E10
2.6035121990330637E13
-1.4568704087223394E14
-3.946413476142924E11
-3.4869928464559736E9
8.729253233660352E13
8.304295588153751E11
-4.457131506964979E9
-2.363564522436894E10
-4.147047344720044E13
-1.319449804291781E12
1.9543198542681652E13
4.608625094286278E7
-3.167741125109251E11
-1.0978892908163574E13
-1.9507890681007397E10
2.5740947310352795E10
-1.567703352767749E14
-1.9097103318151777E12
-2.634549765647717E9
8.671582626658794E9
2.0493038103398822E14
-1.2112035476665577E14
3.990767247399119E14
7.557450685954616E14
4.342546208517264E10
1.1261032679077934E14
1.3401906575625289E14
-8.746877162823523E13
2.8095085485755465E13
-2.1834684724623506E12
-2.5077812389845457E13
-1.5908833993449055E13
1.9416450848077327E12
-2.2333646841563364E12
-1.0266154383641458E12
1.0893090132737461E14
8.081473842398558E14
2.1528233194366262E15
1.196317244410035E14
-3.3052781098441684E13
-1.0345261946338512E14
-4.029805331013768E14
-1.8719194627082095E15
-2.031694923661612E13
1.1342248833172825E15
5.821232220267749E14
-1.3488767976317678E15
-3.3510686401801325E14
-1.0184236829849121E15
4.91994337977869E14
9.582453520197129E14
-2.918415865546016E13
-3.722401264835613E12
-5.754565645173429E14
9.051350022664209E14
2.831541752169288E14
-8.272764450524256E14
5.358404201362533E14
9.150686616753555E14
-1.1209820394657508E15
2.755914396111329E14
1.3351099394993498E13
1.5503820015500055E15
-1.1441063674744375E15
1.795015321815828E14
-2.38960863881158E14
-8.042151452911692E13
1.049730577534054E15
-2.879042011547583E14
7.328297476841548E14
2.7574991336231538E14
-1.2171151472584915E15
1.0736948082448139E14
-5.992960151415838E14
5.119013303851921E14
-1.0016730827259298E14
-1.2256065759938462E15
-5.242409485145657E14
-1.8890771501708378E14
2.954158854240348E14
2.2406704483471134E14
-2.3414392807635888E14
-8.50399369676333E13
-7.713086879717298E14
6.103835055564666E11
-5.752679630347759E11
6.629998719598914E14
1.4776081386409732E15
2.529193496063544E14
3.1258909547098394E14
5.3795125481371325E14
2.3101810878510878E14
-1.3893303526876176E13
1.6590925798575998E13
2.620149917920629E13
-3.678260245292537E14
8.662023320157026E14
-5.924608798770276E14
2.3435696135857225E15
-1.6072880847992952E15
-9.410819372888996E12
1.5331546368766972E14
1.4762179103065872E14
-1.4876214296665282E15
1.5934784456022612E14
-3.627682537285041E14
-7.674396556322512E14
-7.271490056159132E14
-4.484276808150244E14
1.9856155956197056E14
-3.57416512397352E13
-6094521.254432266
