-2.7777862583133515E15
1.2798930003870538E15
8.930128536596296E14
6.040932802873978E15
-6.887952562317451E14
-1.0681145179606781E15
-4.653931381276001E15
1.0351441097103425E15
-4.799223538578987E13
1.2206561670433958E15
7.377522146883028E14
-4.081018969674338E15
5.112940858685541E15
-8.828405407820889E14
-2.1122823384681078E15
4.4253028422801E15
-1.1404150336757928E15
1.4315289311939368E15
-2.592972021413398E15
2.271255123057389E15
7.059732100677056E14
-9.855910074045974E14
-6.595998831996456E15
8.632416859549454E14
5.263952043391785E15
-1.6236969029121685E15
-1.441572029730373E15
1.627922541864014E14
-2.815012864300467E15
8.239765783683948E14
2.1820920307478278E15
9.322458574131085E14
-2.52611340928414E15
-7.179848876441835E14
-1.599300227596983E15
-1.1946388237682548E14
-3.299640346946412E15
-2.6402885777707955E15
-1.311870517469404E15
-2.344209762792131E15
-6.432688356868445E14
6.321487461218421E14
2.9266633580405085E15
2.1061376021131882E15
1.3299986386973632E15
-2.6456333176159678E14
1.8921902249915452E15
1.4027364460238852E14
-5.966258440112805E14
1.79597544848648E15
3.2655184435115315E15
1.4610337057103705E15
5.209409627947415E14
6.628167754298306E14
2.3920825572941065E15
-2.3614855494315225E15
-2.3677274244041328E14
7.022746687174975E14
7.462523281122351E14
2.441391559667765E15
1.9476538615893948E15
-3.258748226370322E15
-2.7009554307017434E14
1.64688297199983E15
-1.6970820409618708E15
-1.460234715243226E15
-3.067669007874461E14
-2.1166545381762408E15
3.4108117553424056E14
-1.174902887303299E15
-2.9188923357439244E14
3.3448986334951905E15
-4.3230089470899225E15
-8.222642536870864E13
2.820166980248288E15
-6.068778106599253E13
-8.186968788873108E14
9.841055400522294E14
1.625697926904868E14
-6.73818429091104E14
3.15558432216586E15
3.476988743130262E15
1.833770968320701E14
-1.5621375571050805E15
4.96456112486966E15
1.224916207375267E15
-9.183050581478856E13
-1.041734693909501E15
-6.633206440633198E14
-3.5451807235475775E15
1.0304371855552208E14
2.6379868682518245E15
-1.497806074460873E15
2.3249152574460694E14
-6.305247852388657E12
1.512682595530587E15
3.974039901429607E14
-2.0433807508499685E15
-7.051435656633692E14
-1.72678273620302E15
-3.4315435895258795E15
-1.2710189575477745E15
5.653366896306616E14
1.758110249964453E15
1.4027301198029002E14
4.791214858629624E14
1.7342115292973515E15
-2.0224313402316852E15
1.551913201740039E15
-2.6208106625693597E14
-7.376318972655894E14
-4.880911492935846E14
4.358794133953872E14
-3.2940679689645775E15
-2.8075601554946535E15
2.0469941089866255E15
3.9913883566294235E15
-2.1280445898137505E15
4.62217436402635E15
1.1118047912565365E15
2.40558657652029E15
-2.2737505698606522E14
-1.8378628960240308E15
-2.5094772322547795E15
-7.997741344177452E14
-1.1118541941850269E15
2.746176825843804E15
-2.710054161119711E14
4.732678636460592E14
-3.161837109664318E14
-1.0046441142690761E15
-1.7079293689162278E15
-3.029965543436901E15
-1.9689811610556966E14
2.128913619889389E15
-1.8650605209127028E15
-1.8711374246578835E15
3.5536315785328206E14
-3.027319427910354E15
-2.576283523199238E15
1.6328712510471892E15
4.714407420143612E15
-4.559756354834848E14
-2.0002907245021332E15
-2.2730209337520072E14
2.82602935645428E15
2.2504809544832892E15
-1.228124479459353E15
9.732422290768569E14
-1.6217964326510194E14
-1.0637187529054982E15
-2.6841650409827465E15
2.19887957473287E15
2.571825009481366E12
-6.682194543742801E14
7.026472837634451E14
-2.5772697367111675E15
3.8592967335874706E14
-1.5983962025900122E14
-8.603204795858112E14
-3.9443897489865105E15
2.3267346765421835E15
8.758913959806185E14
1.4571853144932535E15
5.0804952437658444E14
-2.0503424848824862E15
7.238673071075136E14
-1.6633056694931635E15
1.0389156058179821E15
-1.9382966890774438E15
-2.0628109351518815E15
-3.6555883683515475E14
8.805567659936129E14
6.087814035126745E14
-2.324498264933819E15
1.9385681550114498E15
-1.095682158991273E15
4.105133693890944E15
3.4208315301973225E15
3.049358367645715E14
-8.395619679789282E14
-2.3807463051122395E15
-9.687756349352825E14
-7.425295714000366E14
5.287796735331256E14
1.472824536910714E15
1.923887785233821E15
1.7651985921677302E15
-1.304150705268755E15
9.860761226012551E14
4.4123165074642106E14
1.1060086959085548E15
-1.492169794827127E14
-7.925728305783756E14
2.08230002874614E15
-7.578695586862606E14
1.380413928065484E15
-8.458981944153548E14
2.6565008633955456E14
1.0668818088526016E15
-1.2497711576357422E14
-2.4609313892930797E14
-1.3709784531287628E15
-1.2390607104393668E15
4.758699704066095E14
-6.542389055257429E14
-8.732060065763608E14
-2.0026702307229735E15
-1.4764354284929882E15
8.825893051197384E14
4.9323991649764006E14
1.3139759157892552E14
6.785373306572126E14
-1.3057606891940532E15
-3.216146283982767E14
-8.117035115129412E14
2.9485434931526455E15
-2.797046966095663E14
-1.3184060603886465E15
5.900476969367116E14
4.082689146922828E14
-1.6842438919013948E15
2.1142626879672372E15
4.5069726551012206E14
-7.543455994740914E14
-2.571102450397649E15
-3.03002568896127E14
-1.150741134808722E15
-2.01207976747262E14
-3.549608567175197E14
1.7305644503058232E13
7.811977006753969E14
-1.4362770393381672E15
1.3941733784047548E15
-9.353044412801697E12
7.578233698704235E14
2.260603211799388E15
-1.2813881897722178E15
-2.8073979821317425E15
-4.0632660701065144E14
9.287809312648089E13
-7.830422885758565E14
-1.8107974365379744E14
7.361076679559118E14
2.5739856269058835E15
-1.1775510379860538E14
-6.254570577183774E14
1.8947102277966172E15
2.2592611456490775E15
-7.244316067017421E14
-1.4757713969542594E14
-2.899290363097516E13
-4.2841976521876406E14
6.806882084921992E14
-2.164781851913991E14
-9.564867317628762E14
-1.6387959980496868E15
-7.404975429606598E14
-9.541174206402173E13
3.1433661092871725E14
-3.825237734701715E14
1.4178426529324308E15
-2.0677106778227298E15
9.004632168767166E14
-4.424557993457994E14
6.983283907076805E14
6.493132342271964E14
4.3018528101306625E14
-6.738728819674878E14
-2.923522253960805E14
2.195734688523414E13
2.749340163425908E15
-1.3061434935618092E15
1.4035625757652938E15
1.0080372561825258E14
-9.73609241236974E14
3.642302705132854E14
-1.5855769402517634E14
4.267762147229943E14
-9.42620435061002E13
9.355043948526638E14
1.1561457973099908E14
-7.4896148970073E13
1.2575136177015922E15
-1.6685770523190625E14
3.661324009333265E14
7.191316080818378E14
6.013056003740421E14
-1.158051064081313E15
-2.1786624251323052E15
2.1852759834948528E14
3.386044848380796E14
-9.653464567781414E14
-1.7671347067005344E13
4.768311260992166E14
-2.951947410485242E14
2.164612496729434E15
-1.1159262521916344E15
-7.137564484668594E13
-2.5428712676443112E14
1.2302753431418665E15
-1.3429457780654728E15
1.8754557408737205E15
-4.797457083146563E14
6.0929579026293336E13
1.6920804182486455E15
-8.759154727150552E14
3.8284933260485306E14
1.6596610457527822E15
-1.508113763071418E14
2.855560275300978E14
-1.1939502717229115E15
3.640900750075004E14
2.0848294468462053E14
1.0879958340021625E14
-1.7849312545654678E14
-1.5717633727562116E14
8.015729004681346E14
-9.894833968669966E14
8.535913989960829E14
1.831006520371131E14
-6.586025691437312E13
-1.042958948541072E15
-6.753155741882995E14
1.2761934126528412E15
-9.491354937260652E14
3.370089558920052E14
1.3713262141982675E15
2.2413237723635978E14
4.366602869053813E14
-2.050340852784314E10
3.366521329889499E12
1.161296608635145E12
-2.3116913182655785E10
4.015606419079711E9
-8.656866912054845E11
4.469217190759686E13
9.336228332644547E9
-7.904170018946608E13
4.8180471326662056E14
-7.3758569472611E12
1.1505897377566978E14
4.653243125913158E14
1.1652770029333658E15
5.704043735179401E13
-6.312077800646923E12
4.896773733207102E10
1.2219267477151977E13
6.088698123363812E13
3.5419956885688456E14
-1.0619057649417855E14
-1.5410920944795103E14
-2.756427531331876E14
4.2866644129665914E13
-6.5230021845048516E13
4.749540654287266E14
1.0439715552098466E15
9.482348412388042E13
-1.5544721102685916E13
-1.0640981057076208E11
-1.5884819469972812E15
3.651377887837598E14
-2.0815569723968895E15
-2.4651973448873716E14
-4.695267831331747E14
-9.506027494946032E14
2.958328647372611E14
1.186701559867276E15
7.113251094526054E14
6.639896968886276E14
1.8688399150036834E14
-1.6704771556855744E14
1.7631390220650688E14
9.236295781100791E14
-5.750888155971607E12
-7.10441262352424E14
3.549881597152782E14
1.3362451060404898E15
-1.5254949854520698E15
-6.339589802469654E14
3.2536147398471356E14
-3.822977471984391E14
-7.45120762001332E13
7.161728501638909E14
-1.4252927208842912E14
8.232896942166296E14
2.4544308400258745E15
-3.9966647182693006E14
8.476888190632458E14
-1.3319862957538058E15
-1.7626058230306984E14
-6.247841418896915E14
-6.22000267499038E14
7.745610513523551E12
4.876807767904794E14
2.6545852781831516E14
1.7014737218633865E15
-3.9167451418431775E14
2.259885661222913E14
2.0669981518532783E12
-2.8439639113003945E13
-5.309909862546486E14
1.535699526663545E14
9.195106782832328E13
-7.72844504952858E13
2.692817407527263E14
3.028009716556157E12
-1.567047418365222E13
4.6306616793117325E10
6.984822264237951E12
-4.458748801993738E12
-9.888026343804064E14
-3.906590945776468E14
-1.693741511169979E12
5.277785722310831E9
3.717987329096571E11
-2.0084908901492434E12
1.1081065312070525E12
-8.378533255630088E14
-7.561639230129719E14
2315846.093039354
3745776.5553742354
-8.23525975279737E14
-9.678628322143012E7
-2.285825630793989E12
-4.555177976469292E8
1.1047608852072641E10
-1.051982701940438E13
-3.2215574459746164E8
6.154863639055486E10
-1.0247913096354747E12
1.9287908389255168E9
8.898437793828738E11
-1.3930192839619709E10
1.7422587281115378E12
1.0044705587153885E9
1.7084592217097452E11
-6.116222541364872E11
-2.065766653896389E8
4395846.581788238
-9.838107973643102E10
-5.656678642224371E10
-8.522913025498209E10
-1.158699093164938E10
4.64606678256677E12
-741574.846550381
4731714.435420866
3.7203472160239506E8
-1453780.6919714275
-6.066814119134752E9
9.852389499431191E14
4.1477707906781044E14
-5.84284509077476E14
-1.0913425111741694E15
7.085877334617162E14
-7.770464575023875E13
2.7169859311005694E14
9.198322694645719E13
1.006664324103636E15
9.978941321938219E14
-4.2898029932661156E14
2.312675027509458E15
6.626577353503546E14
1.4152262735500575E15
-1.9753179004180832E15
-7.952263992193684E14
-3.8338423606242744E14
9.579265395428069E14
-2.4447205437163628E14
1.038890526084924E15
1.0156476717132249E15
2.823481426602266E11
-7.063090779550265E14
-8.823256713288131E13
8.604965678843655E13
-1.605780847473911E15
-1.1229843648960215E15
4.2068412899089375E14
-1.542819090941983E14
1.1846926161118598E15
-5.427708695015902E14
5.1857153071841044E14
1.7573396919428022E14
1.697164398950519E15
-2.7529089213773256E14
9.700674770991545E14
-1.1661769040298242E15
4.606767349851771E14
1.2623995443506848E15
-1.556554017783848E15
-2.377767618026875E15
2.0536375623138766E13
7.721055923592129E14
-5.3328229581871744E14
1.4343921958842472E14
-9.177774628292009E14
6.394353839014296E14
-1.960603390386502E15
9.825934022017695E14
1.2525903173233698E15
-1.21326237181048E15
8.63212675901661E14
9.125884179368532E14
3.9972023467916323E12
1.2887544443695375E15
-4.47380014752637E12
-1.3503149819351072E15
-7.328755773161455E14
-1.0741615563108689E15
1.9147478644123232E15
-2.5249135152190112E14
-1.1094013628881098E15
-8.404057605132178E13
3.762135209927796E14
-2.0667705537128144E14
1.4897419788050875E15
3.993226598712932E14
5.5942762689722756E14
-1.2187096070718505E15
-7.712615234573376E14
6.915463134086138E14
9.980913657606116E14
-2.224753527336905E14
-1.7242578029158775E15
1.4494713693450185E15
-1.0892918239726851E15
7.289407816437898E14
-1.0630385165327026E15
5.27344391254704E14
4.008891942927444E14
2.3981453238037953E14
-4.90205321907625E14
1.7889175249353064E12
-1.6103710037798962E15
7.572948899791024E14
2.977956618237692E14
8.545821166411351E14
-1.3275024103447583E14
6.475888573523428E14
3.0126379938307825E14
6.259097190420606E14
-3.663486611661904E13
-1.120104711007533E14
6.170674267597351E14
-9.74986150012338E14
9.772341949880816E14
-2.1870486209470178E15
1.9453221726378388E14
-9.521126660313715E14
1.0608006417924902E14
1.1403773087488708E15
1.1813346393835808E14
7.202374743186642E14
-2.5524416258931744E14
1.5636178109852232E15
1.3178833085244342E15
6.370135513545155E14
6.673704344470188E13
-9.10573799836941E14
-1.931474132180905E14
3.1717530080642925E14
-1.1413089339184205E15
-2.2669085426241088E14
1.494634040888251E14
-1.0173285090662694E15
1.8674156182275838E14
-1.820849377474163E14
-4.546718053399569E14
5.124824333416171E14
-7.279780174270076E14
2.48502780990698E14
-3.4864625972268094E14
-2.29516988940306E15
8.128939036957629E12
3.9211138481982506E14
-1.364296946534519E15
-2.2284704316199547E14
-9.600852732454865E14
8.024412427439696E14
1.4429066877299288E15
8.232422109664008E14
9.689113134861684E14
1.525518596266045E13
8.316437780863215E14
-3.3423449035212075E14
-1.3875546666318872E15
-7.05964007301775E14
-1.549614226321695E14
9.56103687577182E14
8.474393336586458E14
1.173999788686054E15
5.446351439859175E14
3.4688401836262094E14
-1.3647797654796455E15
-7.866705259748314E14
2.099729098508941E15
1.696071754752904E15
2.701283588603406E14
-8.884978376804498E14
5.4510560686213506E14
1.7300708744992466E14
1.5332312688089625E14
2.2622162885506375E15
3.8851357596667706E14
-1.304729003104956E15
-4.09327726990674E14
1.0214976430505644E15
9.353183905493229E14
4.0675275241440844E14
-1.143687491125298E15
-2.4260839333012585E15
-8.88371943996613E14
-1.0417114975748308E15
-2.435021871313346E15
-2.3913083531976473E13
-1.41332424546083E15
5.844567898321685E14
8.628521897133322E14
2.6151991143994888E14
-1.292501591355886E15
5.2100833439744744E14
5.960830779553631E14
3.879228936344635E14
1.38657336489649E15
-6.056180176050934E14
1.6714073137017434E14
6.51935294747211E14
-9.432973544283641E14
3.396282133703864E14
-5.783025228027352E14
4.8286595368541544E14
-9.756662138240656E13
-2.5989066812850475E14
1.0305132278397944E15
-9.576249550225664E14
7.871924446432376E14
-1.461846753852966E14
-5.672773156001714E14
-3.202304149349296E14
4.948546840940168E14
-1.2566846494407372E15
1.5181671930993728E14
1.9608720984295575E14
4.8582275033450925E14
2.2550828879476803E14
-7.759442919669681E14
1.9030943511909978E15
2.3963301619793328E14
-1.3711770078999422E15
2.444458085083169E14
1.231298871922263E14
2.777812786451027E14
1.810317973152193E13
-3.500883211961598E14
2.470636794122658E14
3.0903528003977725E14
8.347406022533755E14
-2.0292901270309362E14
-2.7264505996911756E14
-1.1398798283803939E14
-3.693215973482229E13
7.754232027329065E14
1.0317751082229761E14
-5.519848181113934E14
2.3093690391192688E14
-8.084163950779394E14
1.7045704702456362E15
-4.9020394817413E14
-1.999191305721018E14
-8.616709234041758E14
-2.883667733146758E14
-2.4615177305049306E14
-1.2755144737431602E15
7.79989022109848E14
1.0907991801399015E15
6.346456920024968E14
6.875278646725774E14
9.711679747763284E13
-9.299176003431278E14
3.474514740549716E14
-6.932376648723756E14
-9.719882456870886E14
-1.1251427984841099E15
9.68589527043085E13
6.510980895006612E14
1.053456476591139E15
-4.71178556630078E14
-3.790918827873674E14
-1.1340678292500105E15
1.0413716720580271E15
1.9267130384463888E15
1.739945131729335E15
2.3765762323724188E14
-8.524725544121005E14
-8.69676049137861E13
-6.009885499831551E14
-1.6440747865386015E15
1.2963452170900608E15
-9.755997067625288E14
-3.0903353113083008E13
-1.806574421547726E14
-3.6582874329485175E14
7.066298235002435E14
-4.59958885134386E14
-8.500535681994274E14
2.615274634159374E14
-3.1982640413564586E13
-1.1689628879584455E15
-9.673900540500066E14
-1.6658298824825578E14
1.0623153541526612E15
1.3468335770584928E15
1.255945807010319E15
-1.1899612670854125E15
5.213406301928246E12
-3.917400766234764E14
5.677545297601224E14
2.1540642635769316E14
-1.1663981825418065E15
4.6265743875715956E14
-8.933548127171599E14
1.0687344654525485E15
-1.5016374828307338E15
1.3924377188419195E15
9.149836752039389E14
-1.8742682639774555E15
4.03090148217901E14
6.243056399419852E14
-1.9989001537446766E14
-1.2619730848335262E14
1.5366899453164962E15
-3.3571364000843806E14
4.7508346049486694E14
6.632299309923816E13
7.571841402366886E14
-7.699044553714574E14
-7.523226800334268E14
1.7808147866126532E15
1.1266671585131188E15
2.6128490927843738E14
-1.7538073986237375E14
3.830312986552154E13
-5.3159705658230425E14
2.823773523731525E14
1.697741338700277E14
-1.585777382179333E15
-6.277801683282597E13
-1.2811400704403824E13
1.6674425672314466E14
-1.0343875840686906E15
5.3885304943996775E14
1.1533979130055388E15
2.9205545148153144E14
-1.2442077529955822E14
2.1754661105222634E14
-8.303831583940317E13
-3.6892335324540225E14
2.3190184677637684E14
1.5573811288895244E14
-1.0399013829671844E15
5.686841743760486E13
4.7023824343760344E14
-5.6101118315422856E14
-4.094599534967418E14
-1.0288071077144325E12
1.5316878362864825E14
-3.2153279294962875E14
8.802129187801481E14
9.174054676633083E10
5.5551261692884734E13
-1.269189654020381E14
-3.19939116878117E14
-1.9863848892552415E15
-1.7535505795167528E14
2.9555492569894016E13
8.031365803103064E14
-6.024878434617035E14
1.7149224707111135E13
-1.4936655458410475E15
9.144789260564562E13
-2.7136355821550925E14
-9.243463802098589E13
-3.190450533993531E14
-2.82920726157702E14
-2.3929414659670628E14
-6.806081244814039E14
6.748813884814186E14
-3.050844374611867E14
2.0697705056878878E14
-2.5945619895317253E14
-9.972728725611856E13
-1.993746713377349E14
-7.356838929625286E13
7.269640809063548E14
-1.4840761256922275E15
-1.2776376483811339E14
6.88520959306603E14
-1.0457992520314066E15
2.5358852518968416E14
8.123582368238104E14
-1.5575337569212795E15
2.833307477439933E14
1.0854871815423869E15
-1.0200171212865314E15
-1.8045303245358085E15
5.596070449779621E14
-1.2381767682938968E15
1.3582965365544738E15
-4.934527991049817E13
5.477621174918224E14
9.643506988253971E14
-6.408304092333342E14
9.979802148506606E14
1.0183548812306528E15
1.9972397307264302E15
-1.2821113153286455E14
-1.8822386004563348E15
-6.752541548972901E14
6.623393732378155E14
-1.4396682882222653E14
-1.8987165615615862E14
1.692013451154914E14
5.380887062770053E12
6.240430985971825E14
8.154089966239879E14
1.1591820953947888E15
-2.7806320889714875E14
5.2981551539451544E14
-1.3383226483403798E15
3.1188518335874016E13
2.9548369048955205E12
5.020423918416373E14
-9.93457522611114E14
2.7159978574367788E14
-1.3444358043649585E15
1.7636269453748908E15
-1.5599487265569734E14
-2.8740930638757606E14
-3.682898481897345E14
8.43147698034453E13
-4.5777163042434247E11
1.2344355610372826E13
2.9195811268372446E12
2315846.0930740307
7.40110143327372E11
-2.0886920356647632E12
-3.286380073521546E14
-4.738355453795921E9
1.2758534438799112E11
2.6883185461980162E14
3.3887296852652356E14
7.288535639578011E11
2.0115308582508595E10
1.5015828947835325E14
-2.9530674109791816E12
-1.338747130798731E10
-1.902918915487076E10
-1.2705375110622953E14
4.0772768349229395E11
-1.6940746572180713E12
7505389.465697867
-3.2839063453604755E11
8.001604053837112E12
1.91751523004188E10
2.8589228636963924E10
4.334540832236958E13
2.4145290812773648E11
6.524648455028676E8
-4.515531312891302E9
-1.8448382836699805E15
-7.886581771723356E13
3.075161034682284E14
6.376251987456252E14
-7.94269277105714E10
3.1420358577093556E14
5.963408289818472E14
-1.079332498507016E14
1.4597058149526675E14
-8.498223222862442E13
-1.0289781687187764E15
9.268703796904733E13
-1.4190027629093586E12
1.004205214419432E13
-1.793349394472911E12
5.551647139432917E14
-6.438219380765772E14
-5.74666972703183E13
1.1845916488839598E15
2.2136275326364866E14
-1.2476100809745014E14
-4.621263368424902E12
-2.717031919869592E14
-3.1366679667945305E13
-5.250567430441426E13
9.201935112323004E14
2.5334188818967353E14
-1.2236657699920095E15
4.014599090837679E14
-1.9499611622512097E14
-3.539350724108158E14
-6.364288323546001E12
-3.0870961219292066E13
5.068965017140329E14
-6.915092246802039E14
2.521012529453347E14
4.736848845910501E14
-1.5171687102444242E15
-7.118051831575866E14
-2.1799178168968895E15
-1.1983045762334832E15
6.8924418324280734E13
-4.5238244772711306E14
-1.2119628779696555E15
-1.3533919116697898E15
5.424617158630996E14
1.0608125479640049E15
-1.9998952053867675E14
-6.619961414714421E13
-8.44758099838233E14
-1.2750100246588048E14
7.783971094136371E14
-7.112306140851829E14
3.6465193454761725E14
2.0158780047156567E11
-1.0709130613067916E15
5.571935703067027E13
5.127477262100689E14
2.0530155560360658E15
-8.643138169184252E13
-6.31200308239637E14
-1.319821746529112E15
3.259148989552076E14
5.168080323142212E14
-1.777194525108557E11
1.415955992836727E11
-2.901380489899655E14
-4.206627826737229E14
-1.0805046955152359E15
-4.119442861446342E14
9.537044506211145E14
3.8347887086825836E13
-5.628351978281675E13
-9.651045914165729E12
-1.2782524530405715E13
-2.8475455473354406E13
1.174465985667579E14
5.927739976019931E14
-1.8947262363153432E15
2.8271336404071725E15
1.9487924156021664E13
2.0125634085720797E14
5.760688579899752E12
-1.0714205490609828E15
8.180752614277719E13
-1.894322561674972E14
9.135873973806948E14
-1.603791917880976E14
-2.7597063240590176E13
-2.905262913288107E14
4.639160981781372E13
4568363.990427615
