23.043182256043597
1.9167034362582898
5.998062482305551
1.916322874700028
1.9737712094762958
1.9163228746332341
1.3660229263805244
1.9180733853499243
1.9195090276439697
3.427862798870299
9.565708342628843
1.9164457692290544
3.790437831826914
1.3009184764976498
10.061097341508805
2.0334838091459386
1.9164570130243574
5.118948105607782
7.221431206333004
1.9153226547167468
1.9163898125198926
1.9510490017225284
1.916322874638923
1.9586195681695575
35.8380907042207
144.3441010925341
5.5952709076435365
4.871487293854929
1.9164395525606743
12.034876851954708
0.05845102491260239
0.06859988128347486
0.051952116591804015
0.08319153398284977
0.03160411932125556
0.07865081032723927
0.06689990648452004
0.07342555332246463
0.08186301020438984
0.060732030972510176
0.04420519945269628
0.029015693752021458
0.05228675117497483
0.08187071332376626
0.0764577434570065
0.08285564978540097
0.08367688313548836
0.02379334821316462
0.0548776541055862
0.08367638027788851
0.0680094119969864
-0.20317526641983158
0.08761775597779549
0.08367610677914285
0.07825139149321067
0.06661908926117908
0.08184958068417082
0.08355915837238113
0.0749812471703295
0.05576535505129972
0.08297004255983298
0.07824731133589431
0.07171011886849989
0.08142827202831297
0.05870117812029066
0.08001588730980684
0.007805931026226962
0.06739216661466149
0.04503468346028797
0.07749303284462393
0.05246643516802586
0.050466599365830915
0.06274250618253863
0.06626609464518263
0.08327576476260523
0.08367712536674932
0.0695910886094818
0.08358417899238242
0.07066292592091371
0.045819931806143646
0.061792098886589875
0.06282353528779441
0.060804594215469854
0.08367712530785675
0.04573432156307945
0.05960532143283755
0.08190471162461288
0.025936205835773378
0.05933587055235658
0.0767882108030701
0.09543356549063815
0.05493962534433548
0.06244778037831893
0.2860416468177514
0.06578444714225114
1.917758967017135
0.04169355299333478
0.07746130072775954
0.08466704917972916
0.0795383145600164
4.687922681441399
6.234410205397738
0.08367712513636512
0.04510452312000635
0.06873784017838332
0.08348439554745515
0.0631786288426873
0.04691108043652917
0.049061014702137834
-2.2711604229897917
0.08234978796474365
0.07480181276036403
0.07178888503014358
0.07294577341431384
0.151158593800744
0.0815995520635241
0.08349516966416877
0.04357212890819653
0.08308993767828537
0.05640617816333448
0.09634764699088028
0.08139600892983966
0.05293198119866351
0.023425648026220453
0.05512593760016735
0.06764748275037057
-0.034353351508494556
0.08343995982225601
0.0720038966673676
0.08367551075066626
-0.0038017046682829775
-6.0259608223685035
0.05708867960306877
0.06388761770199211
0.8515497011310078
0.05860984568976936
1.314489972429309
0.07470814917906216
39.91255292522542
0.08358720212907834
0.08285098069332315
0.04612509665203643
0.08367486236586913
-0.27024967075674966
0.04624550214100601
0.06569250201930578
0.06347187707981587
0.2750686630482509
0.037091542305361526
0.06438279349675137
0.03975967098167105
0.057929978630040034
4.046487524184017
0.06058182621599789
0.0753336614798066
0.07938694316601616
0.0836771254966513
0.061752833196965964
0.0517846598147373
0.04042736805704719
0.0354087172265776
0.0832443558613119
0.08191852552801938
0.027347260824200165
0.048198240013654796
0.006425445538315255
0.04998659318087115
-5.359228541575288
0.04534876965533508
0.08366960952194198
0.07718633279156327
18.276423334992014
0.08367432192177447
0.04439479180911523
0.08363096697792703
0.05211927012248944
0.09027467725996167
0.06669294415192607
0.013670626063910592
0.045137779934950086
0.05064811257395803
0.02426148330041397
0.18777381140717989
-0.021005832735426482
0.0670128886941704
-0.12115055346665683
0.08356880465233874
0.049517675417399654
0.062241733633604565
0.0658332706454673
0.02326041132549837
0.054550207056908495
0.08363368795645822
0.08366960952193496
0.08367405399695257
0.054426605895806196
0.07127155827385058
0.07089136768710347
0.049847240298575936
0.07116448448556194
0.04911768894479513
0.06650218304837102
0.07541547436720009
0.05593345236181347
0.07343735083789048
-0.008507529257865961
0.07345632766931985
0.08366809317744912
0.08242863187623277
0.08366715232512838
-0.035230563011521825
0.10234035168521105
-0.017527166201843896
0.025522940817700637
0.060979633521531046
0.3020504323998454
0.08359225020914107
0.08367242716598454
0.05322734994733659
0.0836771253662691
0.08367712536674936
0.10589791540125779
0.07790766729875435
-1.0398311175357053
0.014668976766259948
0.08367712367090024
2.7074466921433236
-0.009981203475026573
0.1545418345479121
0.33268767096369917
0.08219602606082702
-0.07456369388384478
0.05580515550702167
0.37869966423729406
-0.9090249005546621
0.08198404329745917
0.08326420649592932
0.05994938667750677
0.06618349452044466
0.06074884269189632
0.060748842721582465
-0.4630754518231742
0.05903977013758183
0.07654837798164743
0.08275217650777686
0.06171952762530928
9.005008632749217
0.08367712536674932
0.034325400800042816
0.08072279459640164
0.037702022676000056
0.07649493869591001
0.3459177711472609
0.05274961765143035
0.08312705217203943
-6.89226719186336
0.044889672428690665
0.07125761509984307
0.044176817771932365
0.03182152743495317
-0.11300107511551624
0.0546435066239128
0.08362461259305654
0.05395309872168938
0.08358841174079974
0.07563114145116064
0.06915295617489513
0.07417856442487593
0.05384896430885144
0.05525838991532884
0.07281440303093827
0.09238705548765225
0.05081836495784192
0.04904397076922546
0.0658298729028768
-10.270542018883273
0.3108038355528145
-0.0926453738711344
0.08367712569299911
0.03926088405006114
0.07603107582562474
0.060291778111846814
0.12883965696534308
0.1449588130338597
0.07547695216770277
0.03630989760281065
0.04487233200371674
-0.02154560889313351
4.989742953118217
0.07654836886364516
0.07514668017743578
0.08367712462372437
0.08367712536674932
0.08367712536674932
0.0836771167928452
0.07980874292763131
0.08367712536674932
0.08367712536674932
0.08367712536674932
0.08367712536674932
0.08103980622401183
0.06287009791638395
0.020802048149734752
0.07021537427179586
0.08214670421641988
0.06425391005804691
-0.15043045272220587
0.08367712536674585
0.05163249096757894
0.08366220954190597
0.08354914720563754
0.07036847816950746
0.03161580806633658
0.043011863179996924
0.04358091558919805
0.08337006033281134
0.08364762633623876
0.07386376338220091
0.0827133787156778
0.07061487831690161
0.08367711772933649
0.08272929155510808
0.08366028468027908
0.04346767774033584
0.08272929145704264
0.08367712536674918
0.04346767773419302
0.04994646111255955
0.07111201834947685
0.07979011265607108
0.08367712536674754
0.08365092871858798
0.08288073896468684
0.08367712534587395
0.0836771253667493
0.083676981675674
0.08363948863337485
0.0836771241669626
0.08356218830116655
0.07755048908811063
0.08359246380111617
0.08281074738085863
0.08359828017856179
0.07933041368881931
0.08365052362522066
0.07966536270590634
0.08363004719236207
0.08321292918886918
0.08081093172273598
0.0726283797721658
0.053922001852416274
0.04599091286427349
0.03913231930770967
0.08367710067001702
0.08257914887611847
0.08285149920062004
0.06934026914937932
0.06380660704105194
0.08367710362717887
0.08356210711675556
0.017893203902818493
0.07102175940806386
0.04981917045019412
0.06799888526055552
0.07678640191227425
0.05339409875328806
0.04912913153263727
0.028924342632262838
0.05068555837120994
-0.0014330883530098222
0.0811877210096579
0.05778912499491757
0.0836768963852249
0.05779888084375871
0.08367712357672753
-0.003729405893178083
-0.07509144157249464
0.014210419666991705
0.07205745874506493
0.08325040205659866
0.08367434972225918
0.08367712536674932
0.07171011895098055
0.07509161027946523
0.04304244511694288
0.08127788975694326
0.045821436508671175
0.08272572179973946
0.08367697969755927
0.08367712536674932
0.07027878538522886
0.07982279150712324
0.08229426452942769
0.05573739076753084
0.08089910521852071
0.07590413719189876
0.0836770756597497
0.08358587234011612
0.08367712536674932
0.08017080275387545
0.08062868766599145
0.08301604738396966
0.08221462230284807
0.08120263494485877
0.08367706232918877
0.05973632987028031
0.057745823910179614
0.07068399513888461
0.08367660221503366
0.05802515889614747
0.08365166503909162
0.06667027635711134
0.07381067725663956
0.07343487874479346
0.08338760875589307
0.08306218965790862
0.08367712450107655
0.08367712536674932
0.07119876322912429
0.07733905580910622
0.08367311492749506
0.08367712536674932
0.07880699793382819
0.08367712527463966
0.08327944442110298
0.08367712536674515
0.08367174514212412
0.07682641585196588
0.08367174514212414
0.08353199437494734
0.08367712536608449
0.08367712536674932
0.08363459990984613
0.08367712536674932
0.08367712536674932
0.08367712536667811
0.08367712536674932
0.08367712536674893
0.08367712536674932
0.08367712536674932
0.08367682996926883
0.08367712536674932
0.0836767266035748
0.08367712536674732
0.08367672655234204
0.08367712536674932
0.08367712536674932
0.08367712536674932
0.08367712536674932
0.08367712536667815
0.07266261542330675
0.08367712372205247
0.03636265110234719
0.07576206068781763
0.08366011350983217
0.07692883510038782
0.0737486960898166
0.07982983251355885
0.059075981762606034
0.08074503123243773
0.07721934714572071
-0.042161649796228245
0.0763659612488232
0.08358946966818977
0.06332515431182688
0.047167113583640674
0.07085378323150415
0.06833423173658687
0.08367698056323336
0.07650005972615585
-0.0889250715105228
0.08367712536674754
0.08124608142672897
0.03638098528051123
0.08366454886980572
0.05353665791462843
0.07472634659110947
0.08366962983161773
0.0751051870724201
0.047945840975262895
0.02486794413180471
0.04047720964983387
0.08367698388561189
0.5458007933242568
0.0834896366812692
0.08367712536674932
0.08218576011874947
0.053118732342243555
0.03144959822257803
0.0823464725712714
0.004508673843291235
0.027138289572937964
0.04591418582504493
0.08354057452599582
0.051363421845426194
0.08354057393974816
0.06202897594981987
-0.5812684928105318
0.05659610641851255
0.05662669032255867
0.08367712536674932
0.20104620358128727
0.0286779784296552
0.07879650665377633
-0.07258430774589969
0.04591551685298555
0.0513634272925801
0.06932810683966735
0.07879650648079696
0.08367712521394866
0.05553227113346512
0.08096063740129174
0.06781447786243106
0.07797745849799498
0.03867132186455743
0.05431958426402605
0.06849329474041155
-0.009065633815099833
0.05331303269776435
0.07623257754743022
0.04683329576006772
0.06954050082927918
0.07790126760115582
0.04729863028612058
0.03358799780459301
0.030229158315379916
0.0756413726822985
0.07796519394999994
0.014183085934707565
0.07120061035754018
0.07559497896028707
0.08233671114437241
0.0689751989597488
0.06956995074304315
0.08344134335222
0.07830793186582073
0.05211622141345964
0.07032603864830425
0.07534949578249155
-0.004143796233598712
0.055556385283082176
0.0568071498300145
0.019562640806138565
0.08270246715441416
0.08289404966469155
0.04730236582210425
0.08366011508922129
0.07317242184093128
0.08740852352440154
0.08366946311456407
0.06339453128392163
0.0836561721118488
0.07346317633931662
0.0835983062743013
0.12062540129353554
-0.005449180126067384
0.0748707402979942
0.08326378597066825
-0.011717363235458274
0.06938210385365019
0.07825729325807075
0.07119885323742836
0.05980387744088079
0.08070068480217854
0.07253038706649638
0.0835804653258725
0.07204979587552957
0.07168255287930402
0.056445610370074416
0.08295704136358406
0.0551792043676592
0.07790764091004154
13.205717777341633
0.08351406836895259
0.03771186849925436
-0.04093031357386822
0.0652802189804329
0.06998547782264447
-0.30021409003582183
-40.88130741288019
0.08023282021091839
0.07516406314287291
0.08367712511534205
8.622606117038911
0.05926356881659197
0.08192388595199039
0.02454997496774077
0.08497232072063102
0.08271500350000627
0.043302994317958636
0.049498963927367204
0.0725304646339328
0.08342905795290559
0.06672790853256375
181.73934392184495
0.08284781162961694
-0.5007345223389019
0.06105513948255732
0.06067891873935212
0.05179166060656509
0.08342020273732043
0.07813075632048067
0.051143425419464796
0.08296301838782039
21.797093356977538
0.08367585583195354
0.08367711876209821
0.08367712536674932
0.07516406110594125
0.08368544590150663
0.08366615855595542
0.08542738418881629
0.08367712462372436
0.08367712510048333
0.07281440303093828
1.8843588238183926
0.08367712536674932
0.08526905100092347
0.08367712536674932
0.051143447316226366
0.08218465666521668
0.08079816148303481
0.09028491855527937
0.07812929276560132
0.046125096714656935
0.04092919002597368
0.08296301833866908
0.5293004725122749
0.07980875020515889
0.08367711705911124
0.07951476394187203
0.06696047610801363
0.06529317969900035
0.0773192887976705
0.0783437009186796
0.08362998405024989
0.06226588725988591
0.07114566542146719
0.07178935630469335
0.08307640126591485
0.042284924729041086
0.07154484044165427
0.0535933211330457
0.11815424170453454
0.07589683405845533
0.05332659603846504
-0.025594579859992483
0.08185811960892223
0.06966572997953822
0.06943439240450357
0.08344510224523372
0.07377360849436992
0.08362060510774366
0.06818888044748526
0.051383438922459626
0.06440488060093175
0.0760698829293246
0.07108256327327302
0.045034679661202025
0.08367712536674932
0.08303403861463178
0.08297468808320138
0.0785254052860327
0.06871428090727712
0.07967747755563963
0.08367682412353393
0.07520792513550158
0.08269587761438733
0.06366191067338776
0.06964958605824731
0.04938699266049229
0.03912284377672875
0.06618587495075243
0.0829852394362542
0.22836995545607403
-0.27764265789041415
-0.04956877098031128
0.043850411724145846
0.07962103716790264
0.08349516966416758
0.08367259393890812
0.061521137227145695
0.10495201794104637
0.04049561311865231
0.055107167973632326
0.07050569968098175
0.08367396413984375
0.07459365793599033
0.04564962876995364
0.05950255976374086
0.07699964322020186
-0.028270862577314915
0.06598765629827706
0.06159566945041518
0.08367405327894704
0.06912923816918794
0.058470947331840786
0.22062842329735247
0.05455369172705883
0.05141425486814315
0.14769163404912616
0.06269118006144678
0.04761025738772618
0.08358027499158478
-0.04974458911608152
0.08227514310201724
0.06566869409046279
0.040487262633089806
0.04025810208079671
0.15682557598286398
-8.706636999521866
0.08302248434000647
0.03904039931114306
0.07782014898322884
0.07955183582307838
0.025364922352475113
-0.00461021396255745
0.06477606129582884
0.08367676211382735
0.08364044907587274
0.08389373031769988
0.06733211160648729
0.0719618930191235
0.08235446244540134
0.04376116034515504
0.09062994339211732
0.05950497863997846
0.07893370427935062
0.06845126194804954
0.06080354852664287
0.09483064575060125
0.08159918355674062
-0.015983569784281972
0.05547689629080011
0.04320443773976665
0.04817066387897621
0.05202000953564631
0.08351363566324543
0.07605852274564338
-0.264945169093048
0.0604698037005916
0.07649887960924916
0.07613957695706443
0.08308746113476366
0.0734246369266235
0.07034601519349261
0.08367675494218997
0.08363509570255825
0.08236598006557777
0.06945410979563423
0.03539010463966505
0.06750060698846114
0.10678319408268114
0.033839533876924545
0.03771413946682753
0.08290113693591501
0.0836746188123566
0.0710776263740807
0.08315107080062932
0.08246250213467034
0.07738639162476811
0.06232454304537839
0.07231838540549877
0.08367310852271365
0.08367712533876012
0.08359071962365183
0.08359572395210987
0.08331792379480406
0.08355286142510922
0.08048077574380923
0.08367710471459885
0.059800016265895956
3.836279364637492
0.030347127269057195
0.06330794402172399
0.054536469735466886
0.08367712459104983
-0.17560812923119792
0.07269911947074079
0.08367709492109517
0.015815436265836525
0.08367493765976868
0.08210840671456565
0.07782328875303103
0.07703927411069171
0.0763301766587704
0.08366987685086819
0.06516135129600233
0.07059275608282854
0.07626957679929687
0.08354652036416878
0.04281198503030916
0.08213885572798793
0.06738715523368963
0.083667340089502
0.07377011012008511
0.07927635454907007
0.08344750247118655
0.04297164572092768
0.04228541278505844
0.1766547204194358
0.0534109819953579
0.05383232712835299
0.06677441784956116
0.015410326907885944
0.0832465511829026
0.08358720216875146
0.09595348440706934
0.08344749895597305
0.0693377279948075
0.05263197653448942
0.05326000619424878
0.05079858726993075
0.009922993732224914
0.06502991216233579
0.05595920701673667
-0.010366429460264344
0.07467030873948834
0.08342546671258289
0.048291952835213314
0.0558936402017535
0.08286315791173329
0.05620931748692182
0.0460840651164202
0.08317804580864092
0.0753783089849292
0.048726588818816224
0.08367704170550272
0.08367712532170535
0.08367712536674932
0.03226702471697731
0.07061487835271321
0.0680670335325485
0.04229143120890642
0.05531047263293633
0.08342546671258268
0.08366495718147036
0.08325040205659866
0.059605321432837595
0.05604544578513466
0.0818089858124798
0.08363459991148472
0.08367630009058201
0.08367311492749512
0.08367712536674932
0.081241029349077
0.06369729493107264
0.08277140582914147
0.0836771253667492
0.07936334730073845
0.08306218965790858
0.08367712536674887
0.08251410704341265
0.06693714896297666
0.08367204567794279
0.08367712117142655
0.08367712536674898
0.08367682224007968
0.08367712536674932
0.08367712536632295
0.08367712536674932
0.08367712536674932
0.08367712536511251
0.0825141070434127
0.08367204567794827
0.08367712486161595
0.08334992196283357
0.08277140582914146
0.08367712536674932
0.08366112524349108
0.08367712117142655
0.0836771253667492
0.06378922888568248
0.08367705819897753
0.08107075027115067
0.06445430524386321
0.08367712536674932
0.08364762633623873
0.08367712536674521
0.0836770836896715
0.07266198919453168
0.08367712536674932
0.08367712536674932
0.08367712536674932
0.08367712527047921
0.08324335823572432
0.08149640390669684
0.0812543876540343
0.07174666339454559
0.08081438165854839
0.2409027832509866
0.08366064086705481
0.08367712536674932
0.08140199334483537
0.05405453488781679
0.0627534047668106
0.07789334524357143
0.08360649945466302
-0.18030268272907438
0.08127788975694906
0.07961170928671489
0.061963753728399275
0.22899684081513405
0.0796029390999033
0.05015969758426344
0.08367630009058201
0.0412952691923768
0.06958721823735362
0.025118765177891335
-0.0014098203555497552
0.04763593620770813
0.02050076334251483
0.049913095809001835
0.06348788349420253
0.07073122587274647
0.05799107254867202
0.06626641260059905
0.049585557060417285
0.08366952438585189
0.06466246911976391
0.07114103373370581
0.0574261305608968
0.07120496823999167
0.06455416684560263
0.07779488633999627
0.05349496569640597
0.06940612076714696
0.13760888478666483
0.04496075677339657
0.06694142298545978
0.08367495851189027
0.03399591561029092
0.08307556442769407
0.0836771241007963
0.08367712396258956
0.07900731809649633
0.06384914202856137
0.0836771253660864
0.06540053742283675
0.06758154754515433
0.08367682400506529
0.0726619891945317
0.08154835182059164
0.0836757524743434
0.08336416945116326
0.08353404739787285
0.08367712536674932
0.06885280776063307
0.08070078714383631
0.08016484721386476
0.05570896104786512
0.07786776244457146
0.08322692197309457
0.07717982366761132
0.08291929657524796
0.08075466684734993
0.08142827202911129
0.077055271276183
0.08367661583107386
0.08252469493731475
-0.9163228746332507
