3.972727151967755E15
-1.8024926395267725E15
-3.898907981026299E15
-3.529067080197265E15
6.147038004406413E15
8.429366391055494E14
3.9065848984785565E15
8.514259471331084E14
-1.73877538987588E15
-2.531163713997686E15
-2.485601362340575E15
2.5142286486110905E15
-3.6131207826319365E15
-2.466627896541557E15
3.1417112496820905E15
-2.3153420952851405E15
-2.9601783956599294E14
7.090210894513164E14
1.8416109298338078E15
-5.76899903829188E15
-1.1636435510995212E15
-4.8258830841838925E14
5.848143939396342E15
-2.668863220365479E15
-2.5852936032092615E15
9.578292772075911E14
2.0446247214896295E15
5.614823133392515E13
4.7276062455056325E14
-2.3951508737073306E14
-2.544780252355601E15
-5.485971686031526E14
1.0167095611070978E15
-7.052163443700274E14
1.4875511761633358E15
1.0451721832278422E15
8.864997279366181E14
-1.2003560000779978E15
1.5918023598366012E15
2.5106113083627385E15
2.929276951715183E14
-2.9486662089299525E15
-1.7688810401714998E15
-1.7727228311788952E15
-1.2528258354620875E14
-1.7271738831146906E14
-1.6122631406768E15
-1.4321946677749032E15
1.4490751017165268E15
1.8929877349547618E15
-1.1684774774195805E15
2.162406568735941E14
-1.2682175935260948E15
2.0982915132452403E14
-2.0967798202132402E15
1.0805047652723929E15
-1.979710682825176E15
-4.9591338866540444E14
1.6545583908698588E14
-7.705892353516934E14
1.7602747543895165E15
-2.1111455314167645E15
-3.6637149627849805E13
-1.4087775514986352E15
-1.1058329801462304E15
-1.25196343683931E15
-1.0131193040224659E15
7.78839553513218E14
5.826050489538336E14
-1.3825403933453278E15
-1.0385093458000891E15
3.2761360132725965E15
-2.1509471962710495E15
3.9446475948899244E14
1.3311038200953962E15
6.9533067670711875E12
2.5209294203634622E14
-5.96247680110203E12
8.22581358081121E13
-1.0650150577622748E15
9.421470666044551E14
2.968504972200245E15
-8.973257667513829E14
-1.1028385499701458E15
3.5616594866046245E15
1.210475816827088E14
6.707357884236172E14
8.398735505647581E14
-1.4711490852981512E15
-6.631277866416442E14
-5.11284758575782E14
-1.1607328726580908E15
2.4745519930497305E15
-1.654548908184929E15
1.0492458615908408E15
-1.3643962993384145E15
-6.377358585291095E14
2.33450884702148E15
9.779664370575122E14
5.070822362738652E14
2.1232851056281635E15
1.6166256694398462E15
4.41414111484278E14
-2.1554858894513455E15
-1.1125374200606116E15
-2.5637123049221153E14
5.024827149094297E14
1.2692965288438362E15
-1.0853877270932048E14
1.414241448566129E15
-5.697914841686259E14
-7.27550449573509E14
-7.7413772736346E14
2.7237283201410545E15
7.733894103652834E14
-3.641467361907958E13
-2.3080527928255265E15
9.735076591981945E14
-2.0526328553804038E15
-1.208354066586846E15
-4.883479200425024E14
-5.055413463716511E14
1.2113690278328735E15
2.056589489068622E15
3.6928790895318394E12
7.062332380378299E14
-1.899421536493131E15
1.8114430997972603E14
1.8085729164126032E15
-5.1411505046193294E14
6.715316068633194E14
-4.896419386133638E14
2.789329780739403E15
-2.3237855612102652E13
-1.9000123450185422E15
2.04855816276188E15
2.4278299250441765E15
-1.2147416588846372E15
1.6256886875963342E15
6.962483855493509E14
-4.386427615176828E14
-2.1630671524096228E15
-2.0736824602745048E15
1.6745139473142222E15
6.4969357721157586E13
-2.7901707808637975E15
-5.472367148829972E14
1.2070339093338092E15
-4.326620797241519E14
9.284942709167325E14
1.6717925818418208E15
1.5916284379395035E15
-8.519328281556125E14
2.481276027726131E14
-1.4925723903350888E14
-1.0583150903010431E15
1.390114921320209E15
2.1780132274530875E14
6.124036911637466E14
2.826928902052049E14
2.436112292953399E15
-9.975890387374066E14
-8.438773426768866E14
-9.703867148121862E14
5.9840686359619266E13
6.281295538186562E14
-5.207479862293802E14
7.678198042570559E14
-1.1463047017287795E15
3.4512226998970985E15
2.8070884090159428E14
3.603330482398319E14
1.7096378102841122E14
-1.0399592671600724E15
1.0251164603157548E15
-1.4229305674858415E15
-1.0388630737437984E15
-2.2633641141350325E15
-2.2897263777879365E15
-3.77725061749595E14
-5.613931513759375E14
2.1553510144094692E15
1.0123498247877529E15
8.268760911663455E14
-4.7389814289742456E14
-1.4559030693179892E15
-9.272699940771962E14
-5.319688240415825E14
9.348901890436756E13
-5.780025241772866E14
2.83868957929454E14
-1.350487720798381E15
-7.855407525421621E14
-8.475247534071825E14
-6.840567401844895E14
5.910597719628679E14
-3.607932480512296E14
5.2036662267204194E14
-2.7275357871003988E14
2.065765201920945E14
4.416715103306023E14
7.151922104356548E14
-5.304156231674549E14
-9.975516701493548E13
7.351762804668123E13
-2.372228135817593E14
9.30090731948664E14
1.442920396436608E15
6.811992605982499E14
-4.718018253892644E14
-3.7600341526089625E14
9.703827841917261E14
-5.4639153747533956E14
1.0399505225346292E15
2.7487778967488756E14
2.4150475257901947E14
-2.195961132467623E15
-3.0844746733838806E14
4.234611842379831E14
6.534868182268288E13
-1.1233393211262252E15
1.3085273600959115E15
-8.58694557052214E14
-9.937022250507978E14
6.732774282361358E14
1.3971565812744875E15
1.4574790116353722E14
9.239168473691272E14
-6.267997679899852E14
5.94870611903574E14
-3.112845040242177E14
-1.541456805463869E14
1.9482451859128816E14
-3.6549970788172206E14
1.727512596610012E14
2.0934524289307688E14
-1.829885386280808E15
1.1687401611599112E15
2.420649450908551E15
1.1136692336188914E14
-3.2539246846468723E13
-3.0499883882784887E13
8.521266460780721E14
-8.075519032031695E14
-2.389498766205257E15
-1.6433440813991781E13
3.663571593244414E14
-1.9172731958209275E15
-2.0008620678285678E15
8.090227267553059E14
2.03934907239051E14
1.038195492123263E14
-6.328722850012531E14
7.04276592578981E14
-4.8551108702544244E14
8.92038294434816E14
1.9753317192987758E15
7.712233088931255E13
2.2349059488796134E14
-3.1057978871061706E14
6.993128948999776E14
-1.0238118524343729E15
1.9659763775990845E15
-6.013911634912675E14
4.047137094813469E14
-1.6245439348879118E15
-3.6579293632417644E14
-1.206393872089803E15
-2.9375776182504406E14
-2.094369425836079E14
-1.8684650957455762E14
7.485206867629458E14
-5.074810895257832E14
6.04711350683804E14
2.1348890683568203E14
-7.55631620580765E14
4.564971050869472E14
-3.55332507974704E14
-7.635532367776469E14
3.529434503129105E12
-6.85338475279728E14
-3.1402139915414244E14
-5.869324676588838E14
1.0346067665141584E15
-4.212212225062325E14
8.991103674839849E14
1.3330289103470558E15
-9.45941612513158E14
-6.333632230463018E14
-1.0815407140300201E15
3.164475779023298E13
7.158876825762306E13
-8.75194930731692E14
3.625563245413735E14
9.845879170846164E14
5.716792993544991E14
1.74904554325696E15
-1.1782765365891942E15
-2.4154393280459975E14
-1.7883850725839588E14
-1.7171005999986675E15
1.4637305338797575E14
-3.430287772996727E14
-6.140396243145435E14
-1.82545272476448E14
-1.3289354471009978E15
3.173115317688742E14
-3.399807763861004E14
2.6240470749790024E12
6.63934621211422E14
8.396295320978695E13
3.809180374266175E14
-3.0964811238031094E14
-3.251580788030027E14
2.13508290456773E14
-4.156673216040081E14
7.291884966420406E14
-7.056785437142772E14
1.0528633368754522E15
-6.698439814074416E14
-8.315401830382452E13
-9.280279715555272E13
-7.065358761877011E13
4.3769967268651156E14
-8.840504168045271E14
9.031662945027408E14
-1.2200222881956656E13
-3.978015621217189E14
-4.7302208574269994E14
-1.2285752596751919E14
2.4256813118638043E9
-3.1645032369245996E12
-2.7464893134425493E12
1.96723262589646E10
6.480446443513062E8
1.3683757392861438E12
-2.542383946509759E13
5.800356436313819E10
1.09164740736179E14
-6.307347436897055E14
1.5061587897022393E12
-5.245299077523121E13
-3.790268496873992E14
-1.2272121312917495E15
-4.7198847789806766E13
-2.1447568963564E12
-5.971585997229941E10
-1.6363843448528346E13
-1.057871675020733E13
-4.1135865820692594E14
-1.4648800311917404E13
4.543768544551887E13
1.1885729584068747E14
-7.721852060069214E13
9.648130820049527E13
-8.920972173218994E14
-4.2875171549113675E14
-1.3707619511626348E14
7.778730393257228E10
6.345258290918303E12
1.5988430105045698E15
-4.069206254466348E14
1.5287419722919115E15
1.7063973363198438E15
9.333273698425145E13
4.8058010192796306E14
-2.7787201689037244E14
-1.0397750857207101E15
-5.079520599902603E13
-7.007429176027771E14
1.7337553874949912E14
1.89750124081873E14
-4.7943172703090056E14
-8.637031787362901E14
7.138957689946518E14
1.6175208336303106E14
-1.2442743273196556E14
2.5007204926429412E14
1.3371209705892955E15
-6.814412327906436E13
-5.921937943982278E13
-2.1744564771446684E14
-8.965042493378201E14
-5.04947734084884E14
-6.179509403705366E13
-1.4409694062976866E14
-1.0133616320886214E15
1.7174859907876497E14
-6.477402782613486E14
4.238649708722573E14
9.129911595916961E13
5.082722056685762E14
9.205870837288631E14
-2.992539626852268E11
4.643727514697008E12
-1.6326432462636897E14
-9.022570507076711E14
4.321297743191774E14
-3.539939690707398E13
-4.083053195175402E11
6.635402853102982E12
5.2844783793624225E14
-7.866010749616451E14
-1.0655269458241656E14
1.1728514543518784E14
-1.589408675241788E14
-4.4354009261087555E13
5.359164207092428E13
-1.2959748947814995E11
-8.171646278199102E13
7.168123454363007E12
4.396313060835252E14
5.675060389177292E14
-2.0617354527116516E12
8.328502650521594E9
-2.328403511465158E11
-3.4790151121844414E12
-4.360034843702013E11
2.8194685004197906E14
2.5190269723190953E14
-2248102.674173125
-4484039.8752123555
4.542870285246923E14
1.773525678228303E9
2.0631703616961997E12
-7.004548546797224E8
6.355388464454471E9
-3.74355336209473E14
7.687299615722823E8
-6.212359342030697E10
2.6080622714837503E11
-1.5116427549644961E9
5.3924076435771423E11
-1.0352305674749432E9
-4.4339289179348145E11
9.88316617340542E8
-1.2968073694209256E11
6.55269290529142E11
-5.0036395571932274E8
-4245322.96697363
8.311948813591168E10
8.208852478982204E10
5.432693997453074E10
1.2963994577479027E11
-1.5764773277789065E12
-7.642464769644171E8
-4504655.077749908
2.0240097091933548E9
1334706.8582529742
1.359106131058514E9
-4.9238309330243175E14
-3.8479908615879244E14
3.689331673914555E14
2.340830768955443E14
-1.3898323654779132E15
-1.024702744724835E15
-2.9739530732177475E14
4.64125730486017E14
-6.778083745463219E14
-1.953694073789393E14
3.0126682462594194E14
-2.1514894679094188E15
-1.5407302486369725E15
5.098305761001798E14
4.8367371737502706E14
2.0628846549138947E14
9.364386974473874E14
-6.675864328667289E13
-2.8412213728466646E12
5.5743390975097394E14
-2.0893768933515684E14
-3.230087897616187E11
4.4721236429919344E14
5.824309185394278E13
-2.868558148737517E13
1.9178450793369494E14
1.0519432396658592E15
-1.2049764902391542E15
-3.055774447222732E14
1.0637039850811998E14
7.409967320408339E14
3.082339842995682E13
-8.81888378162118E14
-1.136842540676783E15
-2.7283461910469662E14
-3.556111646357216E14
1.317462567309492E15
7.560094402692855E14
-3.590332391162898E14
1.166418691990264E15
1.433279022311974E15
-1.2884198313493508E14
-6.106436148771029E14
4.8175716833061375E14
-7.126786034790839E14
8.932610904838682E14
-5.5517862914648275E14
1.0885169846688636E15
6.969810745167296E13
-4.554106772638263E14
4.1421540597668625E14
-5.800691810443504E14
-7.804458588033996E14
3.7687081536114E13
-3.7341947078064006E14
-1.05635838071424E14
8.22727124634547E14
2.0467802004136347E14
-5.260961774108193E14
-1.6761759250726018E15
1.6333636500832E14
4.170384845779507E14
-6.873994169600271E13
-1.6218505984862644E14
2.2756659771829275E14
-1.0753310734805216E15
-3.593844838669084E14
-7.030934092221106E14
6.437583963344735E14
8.176871730810584E14
-2.4284934743184203E13
-6.885563284693724E14
-3.116238308559415E14
6.595304781175302E14
-8.856670285633518E14
3.229165658033508E14
4.0416982732737925E14
3.5766004048197206E14
-4.955785428346031E13
2.0077359288867668E13
7.373863571284223E13
-1.6329837319874228E14
6.501259835651669E14
1.6959127960965535E15
-6.527523026460729E14
-5.1977471425446194E14
-1.1438067927390482E15
1.2239891921657478E14
-2.5638223573075578E14
-4.671960021750253E14
-6.405822289965621E14
9.801467367330552E13
3.273884571733445E12
-2.917437445441361E14
9.629131456690538E14
-2.894207709090765E14
1.2307736500528935E15
-3.5885641041060806E14
6.416445796273792E14
6.365697222055172E13
-8.950243477364318E14
1.151018843370871E14
-6.713688051979978E14
7.777040525485526E14
-7.205886353594928E14
-1.5262047094967348E15
-3.188956271202221E14
-4.147033498215945E13
3.703564767460941E14
-3.0508083700033244E14
1.8183205069147344E13
5.569617675301328E14
-4.043341837860597E14
-1.9733728248549194E14
8.433123823218036E14
-8.650734034361689E14
4.448066131577256E14
9.49286561927059E14
2.4844274853527453E13
1.9958228373244978E14
4.1661757392190194E14
1.580796316030219E14
1.3230381337574352E15
-4.1146830751842306E14
5.858130433383468E14
2.6401244657847103E14
5.613996806078985E14
-1.3078025048069778E14
5.023192538314302E14
-1.3475667122924122E15
1.4774712969880508E13
-7.130554735602811E14
5.867157111891112E14
-2.6214339465902853E14
1.921732454391462E14
4.80590055177547E14
-3.611762615919332E14
1.0566370182073611E14
-4.2526312424587125E14
9.457329914374576E14
-8.481787013034474E14
-1.1329530933178138E15
-3.7054893144079175E14
1.6237568658824622E15
1.3868280075277748E15
-1.8552242411214248E15
-1.2332193098321042E15
2.0524530590518E13
5.853882830718976E14
8.135606695004806E13
-5.0172620960706275E14
-6.269622615747041E14
-1.1652834606765242E15
6.003752689586202E14
9.590042776367131E13
5.4308009844802675E14
-6.692740102425279E14
-3.786799879062853E14
3.079153807250425E14
9.062071443098898E14
6.800833151247824E14
4.424263554973224E14
6.124576643880189E14
1.233954932421881E15
-4.0388361122014506E14
1.5300335782322828E15
-2.4103204444710703E14
-1.2710996021090975E15
-7.402129107380272E14
1.5781951265976138E15
1.060901057910809E15
-5.3771934056178266E13
-6.87343268400976E14
-5.006281771556703E14
1.5596924384820188E14
-6.690954986850875E14
-3.583613002095749E14
5.7858348785595E14
3.7607568257117336E13
8.054399204110589E14
-1.0868713190396009E15
2.6082069998574934E14
9.427781134276798E13
-4.858996948517255E14
-1.227328828519756E14
-8.996662499218796E14
7.642069010118198E14
4.480386684044489E14
-5.721966769627056E14
5.3657377189152056E14
9.760490965602966E14
-3.687789231177245E13
-1.6211993334921848E13
1.6817744741889044E14
-1.6335276797370353E14
1.2023068918811422E15
-1.2886976793634495E15
-1.3703994119727395E14
9.129149545655262E14
-4.531609428719906E14
-2.9611053953287244E14
-2.343361806006161E14
-9.501601911370539E13
-1.4186191824263164E13
-1.093598876049084E14
-1.6637023707207297E14
1.4465426760202394E14
8.955519885291048E13
9.063960040306775E13
8.606877750473369E13
-5.871751804147066E13
-8.0802212222811E14
7.293114144321729E14
4.885081002716609E14
4.7811371895454606E14
5.5245313945077575E14
-1.6316319632061152E15
-2.152583357095783E14
-4.748165234432909E13
1.0892670547385116E15
-7.968056441973262E13
-3.8814289683216656E14
1.6194344443460458E15
-2.0188326865575416E14
-1.211182918367076E15
-3.1695920745091203E13
1.9304078756892447E14
-9.777106727492181E13
8.482429636462069E14
-7.575162063572772E13
7.687162945718805E14
1.0616297857075699E15
1.4361556433970475E15
-3.580397155482666E14
-3.567276115257155E14
-1.7619659599233102E15
6.3731169426037164E13
1.755000210703128E14
1.1891661997578378E14
-1.1654546537755755E15
-1.237635172811571E15
-1.4898101171940382E15
9.5606991521811E13
3.3019618903997325E14
4.428082692182147E13
9.401822481807991E14
6.90590352479959E14
-4.495300551380213E14
2.3779503161852806E14
-2.0712640435950147E14
4.763218810729456E14
6.197721917611148E14
-1.004549160430035E14
1.9478388283852888E14
4.477725666050984E14
-3.736285859128268E13
-4.251788999472437E14
1.029530443144274E15
9.932157828780385E14
-3.1053348177696675E14
-7.300948613235031E13
-1.441419731475325E15
-1.116461837610034E15
3.534131392158068E14
-8.139598718130754E14
2.6791160168737494E14
-6.558206629283164E14
9.818965359835904E14
8.392358630502306E14
1.883213320333243E14
7.677154165103596E14
-4.0685788269223025E14
1.3703397864630895E15
-1.0646886703764471E15
-2.1743598571294822E14
1.156100034005045E15
-2.2536678860755234E14
-4.5549059558182625E14
-5.636240078632956E14
1.2819467927571722E14
-7.547340416359421E14
1.9539164680500666E14
-1.1093144032366055E15
2.7022278117680916E14
-8.961957117486898E14
1.2821271918052702E15
-1.0082794535365605E14
-7.459424032736012E13
-3.194987806057222E14
2.2296815747401784E14
-4.977617020067792E14
-6.276014665305545E14
1.5445994469441584E14
1.2687566406826625E14
1.6913307872380716E14
5.647277424864135E14
1.168972834652302E14
-1.3827835287141264E13
-1.2567819535700406E14
1.5546861350211228E15
-4.040346528056521E14
-4.254467518361419E14
-1.56468990758028E14
-7.351571598272218E12
-4.8369497314302106E14
5.959033417143835E14
-5.6096699416087016E13
-2.5625980545500456E14
-9.782713918341936E13
5.82998526392711E14
1.0313213764023201E15
-1.666635929629807E14
6.1029510200325E14
1.3654530804369228E14
1.0021574504910399E12
-9.37630046090073E13
3.333724061886688E14
-3.406504426523203E14
2.349572038605043E12
2.177879826417298E14
1.1351324311809934E14
-6.4669855319996914E13
7.13327551548999E14
-2.537525845558555E13
1.6660698479819388E14
-2.4356092403007784E14
3.1130909936991844E14
-3.227231521980169E14
5.77408173553312E14
-5.10475294848212E13
-7.875783786222105E13
7.531604544298355E13
2.389798658746188E14
-1.0376564799211631E15
6.51140478257107E14
2.99792844306229E14
1.2102760702288081E14
9.71552652254712E13
-5.538641650644199E14
6.431407542878196E14
5.4055382354533925E14
2.4857563825034466E14
9.270986202626465E12
-1.527202310744494E14
1.1135277061430238E15
7.453420799310261E14
-6.415156309604634E14
4.264715858643997E14
-1.466011857363558E14
-4.603393080956548E14
1.0891331824300408E15
-1.2450523770138606E14
-7.282690681014915E14
1.0421079953449459E15
1.591480302806682E15
2.1609911199280742E13
1.1284288636394944E14
-4.178656140843498E14
-2.1975123949302212E14
-3.8782268654430206E14
-3.082650569167082E14
7.568136712439646E14
-2.897963307112252E14
-4.5899999818453556E14
-1.1903122063155102E15
-3.749725878537451E14
9.828499783151292E14
6.673686827419369E14
-5.43998201872771E14
7.559152094103914E14
-1.1117605001319912E14
-7.284186945303135E14
9.600338709566762E13
-1.4571720922878247E14
-4.4275960953769044E14
-4.779616014677009E14
-3.939876261604823E14
-5.050018988597345E14
1.135292266971079E15
7.970730989380294E13
-2.688550900440855E14
1.0114191239394636E14
3.463741122336307E14
-1.8891130579568728E14
1.5354226175429282E15
-9.085178498721964E14
1.1564328565926775E13
3.364739044459686E14
5.805126105381846E14
-3.326625028472832E14
8.899279828137109E11
-9.448668939986744E12
-6.629499343276998E11
-2248102.674206617
-5.3973596075891547E11
9.041337684022935E11
2.096829065578944E14
-1.5629730871102312E10
-3.603642525576394E10
-1.2290172920951912E14
-1.815659625720562E14
7.199145450041372E9
-2.1099426630491737E10
-9.064298830804214E13
1.0714688732335873E12
-3.189459095855944E9
-7.907637683225743E9
5.056405330203123E13
-1.4711519519526445E12
-9.236027558078381E11
4.346617577517506E7
-1.339236815026236E11
1.1939413219003264E12
-2.3766685241203457E10
1.7598493284647297E10
-2.3982964179676492E13
-1.1096991213414207E12
-1.2642246853671467E9
7.97579611682634E9
8.258277617255942E14
2.444312116681437E13
-3.336622125126687E13
-3.003887885312274E14
5.595899262206383E10
-9.481205007555811E13
-3.2222033613897744E14
4.0857935736377E13
-3.006589282740824E13
2.0535034767019731E12
9.083867407157952E14
6.105495799549009E13
8.574040432866807E11
3.5988360075693646E11
-4.175623327452377E11
-1.2553005378709105E14
5.794345684219358E14
4.446604414235421E14
-2.484016596610483E14
-5.847939180390548E13
3.824158514140911E13
9.960995884230795E13
-3.808075206491017E14
7.301719956246648E13
-8.588998194253277E13
3.416000904421526E14
-5.940192200628518E14
4.26294417745353E14
-7.851615850858921E14
3.6177200661024294E14
2.427802436484972E14
1.7121155726024438E13
7.05845392822945E14
-2.2950461086894516E14
1.7529548205984622E14
5.220286374644476E13
-6.622805349427882E14
1.0001375295419479E15
9.153142843528244E14
6.489726053909426E14
9.390838577142159E14
-3.999858064983138E13
8.048114361567511E14
2.979020241099199E14
2.989312992328716E14
-5.3049001502960675E14
-4.942100562106757E14
5.776965701181455E14
6.286135578014907E13
1.0193890641409949E15
1.778898770448199E14
-1.121532535398768E15
4.664494095177609E14
-6.037287421424912E14
5.180030802862313E14
6.603669096450032E14
-3.075253576077703E14
-6.174864656137638E14
-1.408280723636727E15
6.9788691173442E13
3.39472991766453E14
5.545191375970849E14
-3.384989830564232E13
-7.36423082175813E14
4.1760785288222614E11
-4.299874884215366E11
2.7902562534251066E14
1.1074709145541129E15
4.248461376929055E14
2.7023423492406134E14
-1.0535485037804178E13
1.8842870882406666E14
2.1667550197282164E13
-2.7881599735817026E12
2.01565619556186E13
-3.1058208911629975E14
-3.1903254397460535E13
-5.5007517459431506E14
1.5073161941533915E15
-1.8882486774038478E15
-6.060047305392087E11
2.006789871286361E13
3.782243299589651E13
7.665047860571998E13
2.523244960134175E13
-1.4810104884417925E14
-9.327109802384596E14
-8.351774250774422E13
1.8662374680103785E13
3.038251319621543E14
5.702377412378483E12
-4434731.607723614
