6.155508558099357
1.9360767168038522
2.4572587596868782
1.9360767167836734
1.9361110834440098
1.9360767167836734
1.8588065558062288
1.936076718042907
1.9360767304710818
1.959925497609998
3.218279944319252
1.9360767167839492
2.0592975470004697
1.858784133398137
2.564097713820028
1.9362344425330442
1.9360767167843154
2.246793804883737
2.718487483265487
1.9360767167835267
1.9360767167837591
1.9360879118214418
1.9360767167836734
1.9360935497635963
6.496263457070808
22.54009357277289
2.1519665317974424
2.2357892291938115
1.936076716784222
3.2293778502502883
0.06180073447087105
0.0615580448237217
0.05819125689919973
0.06392328320104675
0.039263965960361136
0.06392160415268887
0.059310568745209145
0.055179327753378075
0.06392327013358706
0.06332286451519122
0.06122798207737199
0.05665791800634914
0.04829588061103716
0.06392328043856771
0.06391973502765663
0.06392328109837174
0.06392328321632657
0.05543653010978831
0.06304126825485118
0.06392328321632657
0.06345342834982469
-0.03698418830243801
0.045433750013052054
0.06392328321632657
0.0636664899844558
0.05783095443382457
0.06392326647009197
0.06392328321606529
0.0639190274769118
0.04383004245694693
0.06392328311036483
0.06392232436884916
0.0638737447332136
0.06392324602835607
0.05091936376114836
0.06392300087677302
0.04902344759746994
0.04531985177792931
0.041452417853887834
0.06391646622735637
0.06298816721607225
0.0536998347978283
0.06382080196836828
0.06362010950225333
0.06392328316512887
0.06392328321632657
0.06385528117598897
0.063923283216111
0.06196712005922927
0.04360643647909834
0.06197057907564605
0.06228850307878698
0.0629010347212503
0.06392328321632657
0.04266292178555943
0.06226693404666858
0.06392326973883208
0.06010021807545379
0.06215804980085501
0.06391914229623685
0.06392328321668019
0.05186782811756909
0.06339352918198646
0.0581741793392317
0.06357630155877014
0.24418036662483653
0.04109641317929949
0.0639205688175718
0.06392328237796936
0.06392281103230432
0.880953226267056
1.490726538319329
0.06392328321632657
0.03611509934348211
0.06358172240223776
0.06392328321282148
0.06346784074810877
0.06238109950734182
0.03070492759072362
-0.08882517084337489
0.06392327984610895
0.05261958476047955
0.05118118986232474
0.061080499058367266
0.06392334889018632
0.06392325644721289
0.06392328321488486
0.05314754918100548
0.06392328259838034
0.062089850334154074
0.06392328309546061
0.06392324374365335
0.0635408780673207
0.04074373917453574
0.06245440703594557
0.06378889463624358
0.031373237574590616
0.06392328319702395
0.06387912670428093
0.06392328321632657
0.03774385760915348
-0.4253154362988384
0.06179861259286799
0.061930089086940844
0.004379203011012944
0.06303953245655916
0.09296081951550542
0.06364541686806398
5.54440342761472
0.06392328321624094
0.06392328258134347
0.04441203263314296
0.06392328321632657
0.03973285061740774
0.05606558902867065
0.0637521928489606
0.06303998987784906
0.06454219644944656
0.06388462581243325
0.06044042108340626
0.06174256473850066
0.059674193456353136
0.05104164268257194
0.06262273263035877
0.06390982353108204
0.06392281102994929
0.06392328321632657
0.06282076927350046
0.05157017710099265
0.06021422944538577
0.05952526138855056
0.06392328317057228
0.06392324268872684
0.05198586010439995
0.06325905525873436
0.02921951314386573
0.05741911782309949
-0.4887484874705921
0.051570075402063806
0.06392328321632657
0.06391952617767767
2.673236164373543
0.06392328321632657
0.04087782059738039
0.06392328321632249
0.059555546887851585
0.03444758598547044
0.06382869330515083
0.04305176671093663
0.045863107983941914
0.05881896495060957
0.0596388627519375
0.03440479214579695
0.01792455288946907
0.06321544600866903
0.03154841371039074
0.06392328321594022
0.06293896418072958
0.04120367249391531
0.06382446157032647
0.05926495544825548
0.057419145136224314
0.06392328321632441
0.06392328321632657
0.06392328321632657
0.06270055631042555
0.06376676386971258
0.06385351516925
0.04015173290959967
0.06247984381597501
0.04732399956244623
0.06385202461488321
0.06390936661496169
0.06123160388191235
0.06390211862082498
0.04576195565633837
0.06389939674060248
0.06392328321632657
0.06392327878176093
0.06392328321632655
0.06296241730710675
0.04289674951836186
0.03669224756492728
0.05709192505059637
0.061535555584594503
0.06422232199697975
0.06392328321625865
0.06392328321632657
0.06392041762048084
0.06392328321632657
0.06392328321632657
0.06392331188137544
0.06392136071839549
0.04305824303952203
0.01523300225435811
0.06392328321632657
0.5367090040966651
0.009027056571824853
0.03200578924167132
0.06442911391724183
0.06392327647364332
0.03195980364982702
0.061535554913953946
0.06494498643829083
-0.06535956024281768
0.06392323623825887
0.0639232831731771
0.06208990014590833
0.05744117605396678
0.0626519234003774
0.06265192340037735
0.06366665419228373
0.06179861518648015
0.06391847553714963
0.06392328258122358
0.05976428568907527
0.9691199733694699
0.06392328321632657
0.028970075021660015
0.044544574730664026
0.053014318650562435
0.06392203087119498
0.06296688903337225
0.045357464719887795
0.0639232828489413
-0.9712563856697534
0.0390412892157502
0.0638498010777886
0.04087781837806109
0.05017756494093874
0.02286355487336334
0.06355906702421385
0.06392328321632462
0.054344129967332316
0.06392328321631521
0.06391740174600846
0.06390489883172834
0.06379773325275126
0.06352379427434957
0.044334078662633954
0.06389163643451055
0.05112408650435297
0.061147864388851884
0.05928390347471728
0.06357630155877012
-0.05713753568978618
0.06392526380106466
0.06391729742783836
0.06392328321632657
0.03391861646968777
0.050873171153985444
0.06294854143603083
0.06392332651675624
0.048047537089941
0.06391077502411167
0.04833699059912737
0.053282277827731796
0.03738066168815879
1.164083846508218
0.06391847553714959
0.06392328291335947
0.06392328321632657
0.06392328321632657
0.06392328321632657
0.06392328321632657
0.06392293038337388
0.06392328321632657
0.06392328321632657
0.06392328321632657
0.06392328321632657
0.06392313460702508
0.0638437717866567
0.05371994949971609
0.06358429770462923
0.06392327601146706
0.06322187524313454
0.007570583284931679
0.06392328321632657
0.061968434373096036
0.0639232832163265
0.038506659625585395
0.06386567220333265
0.049104725840068
0.03644634251076635
0.03644634251101955
0.06392328320790477
0.06392328321632558
0.06388804882120278
0.0639232820973684
0.06384852867142751
0.06392328321632657
0.06392328211491245
0.06392328321632654
0.03690233730734316
0.06392328211491252
0.06392328321632657
0.03690233730734325
0.06284094981519199
0.0638609318132247
0.06392300087368191
0.06392328321632657
0.06392328321632593
0.06392328266955402
0.06392328321632657
0.06392328321632657
0.06392328321632657
0.06392328321632396
0.06392328321632657
0.06392328321609776
0.06375901267898387
0.0639232832161923
0.06392328266953748
0.06392328321627605
0.06392245998876586
0.06392328321632634
0.06392287111348614
0.06392328321632001
0.06392328317607894
0.06392325660351543
0.06390835754268342
0.06278131426308663
0.035148339051737976
0.03514832740898851
0.06392328321632657
0.06392328104476953
0.06392328306727643
0.06374486876271442
0.06279465652858707
0.06392328321632657
0.06392328321609775
0.04110007359641268
0.0638609286929019
0.06170478102137084
0.06389478300810306
0.0639191422962369
0.05790694024007692
0.04967540391434046
0.04066919003479917
0.058115666636218
0.04355546864785425
0.06392320409737821
0.06363228414273546
0.06392328321632657
0.06369314664967902
0.06392328321632657
0.04415437990967215
0.03765436717126043
0.044963473057419226
0.06382516165131868
0.0639232831722001
0.06392328321632657
0.06392328321632657
0.06387374473321361
0.06392031411054684
0.04266289585334778
0.06392323468069777
0.04360643647909838
0.06392328209736844
0.06392328321632657
0.06392328321632657
0.06384871408131779
0.06392294108757013
0.06392327457363099
0.06193365498433685
0.06392306196159399
0.06392258696675994
0.06392328321632657
0.06392328321627921
0.06392328321632657
0.06392304976486803
0.06392323088350256
0.06392328191962168
0.06392325791198689
0.06392314168973443
0.06392328321632657
0.06387108606585137
0.0619338132600781
0.06384871410053176
0.06392328321632657
0.06371928495870609
0.06392328321632637
0.06374114763078627
0.06392145674273103
0.06387845715801255
0.06392328320720848
0.06392328302429863
0.06392328321632657
0.06392328321632657
0.0638245338613744
0.06392039717988884
0.06392328321632657
0.06392328321632657
0.06392232447172273
0.06392328321632657
0.0639232831806774
0.06392328321632657
0.06392328321632657
0.06390968089919496
0.06392328321632657
0.06392328321569343
0.06392328321632657
0.06392328321632657
0.06392328321632229
0.06392328321632657
0.06392328321632657
0.06392328321632657
0.06392328321632657
0.06392328321632657
0.06392328321632657
0.06392328321632657
0.06392328321632657
0.06392328321632657
0.06392328321632657
0.06392328321632657
0.06392328321632657
0.06392328321632657
0.06392328321632657
0.06392328321632657
0.06392328321632657
0.06392328321632657
0.0638894110423963
0.06392328321632657
0.05518851930642684
0.06390724154520377
0.06392328321632645
0.06391909179198058
0.06390251284706576
0.06392294108757018
0.06215804979620729
0.06392317352090336
0.0639201627001014
0.0264910961669949
0.06361951200530594
0.06392328321624928
0.06376038323656989
0.0631327829716862
0.06386156261061371
0.06375988624220118
0.06392328321632657
0.06391839872483793
0.0016320621627523525
0.06392328321632657
0.0639232326751478
0.046583468569477
0.06392328321632657
0.046587527446241006
0.06392187836087149
0.06392328321632657
0.06391971264617632
0.04855945313957609
0.04638954457014017
0.05611257045841313
0.06392328321632657
0.14994374332852178
0.06392328321460874
0.06392328321632657
0.06392326625582248
0.03527356103589306
0.035273485081144876
0.06392327497091688
0.040092625250633604
0.03753673982881292
0.04385744925709857
0.06392328321587026
0.055265874827929995
0.06392328321587026
0.04661910216022359
-0.12104818431098198
0.045497100791505415
0.03753941124310907
0.06392328321632657
0.0512646151385611
0.045248764125511355
0.0639223423577427
0.014871342260205445
0.043857449257098495
0.05526587482793
0.04237528718862948
0.06392234235774266
0.06392328321632657
0.06016201611714752
0.06392317453491159
0.06390585156354783
0.06391956285356358
0.0572458392514149
0.06162478415974434
0.06351179278104384
0.042832226454522594
0.0574286559571009
0.06392009178111373
0.049675402700060906
0.061721180539518805
0.06392195090370506
0.0613014867456008
0.04042530929525072
0.04450314180259736
0.0639217736421738
0.06392282244826358
0.029679509645903986
0.04859534050157992
0.058770805072344855
0.06392328089848019
0.06376762411281979
0.06352383580777787
0.0639232832117701
0.0639198755588695
0.04911472478579489
0.038322686670450454
0.06391839487373643
0.03993900899972714
0.06284256900124378
0.05333162663224126
0.04222318067290695
0.06392328206457848
0.0639232810946219
0.03794892195388692
0.06392328321632645
0.06391471394182038
0.06055561873962911
0.06392328321632655
0.06363735440855858
0.0639232832163264
0.06389939674060242
0.06392328321627605
0.007626082831914568
0.03868121406759717
0.053819386568888586
0.06392328314241617
0.04543804378773293
0.06386091565098297
0.063922384791687
0.06386286562840024
0.06287320363892669
0.06392309373109609
0.06391440914867622
0.0639232832162493
0.06391605190806232
0.06386858344737956
0.06065346699785359
0.06392328304066276
0.05606564378486068
0.06392136071839553
1.4135388786896514
0.06392328321539438
0.04379710780720182
0.03514473536202164
0.06342032075161615
0.03807915316170685
-0.0027562146911744327
-5.287023218611198
0.06392267354201786
0.06391276625524474
0.06392328321632657
2.063584869930627
0.06294812447464922
0.0639232647035091
0.05128163969633276
0.057750609310198944
0.06392328020460111
0.03904128920004899
0.05966108370286325
0.059785444472222525
0.06392328321532648
0.06225943406829091
24.71251089128424
0.06392328079512087
0.05572316500999856
0.046338476449719994
0.06262273263039655
0.04443791913787031
0.06392328321411178
0.06392165980891489
0.054928840362926806
0.06392328286543413
5.1283375502379975
0.06392328321632657
0.06392328321632657
0.06392328321632657
0.06391276625524471
0.06392328321632657
0.06392328321632655
0.0639232832161114
0.06392328321632657
0.06392328321632657
0.06389163643451058
0.07162814468924501
0.06392328321632657
0.06392328041260968
0.06392328321632657
0.054928840362926785
0.0639232764736433
0.06392327337542333
0.06392327679866072
0.06392165980891489
0.04441203263314296
0.04109704391939602
0.06392328286543414
0.06838881182749725
0.06392293038337389
0.06392328321632657
0.06392230279465815
0.06367646404419423
0.06380516024795421
0.06392039717988868
0.06392242249095056
0.0639232832163239
0.0633228998750988
0.06386286562839179
0.06389606378974612
0.06392328304092398
0.03344660277502308
0.06387201411574427
0.040670642553469284
0.056409866321556035
0.06388066814240247
0.05790694024007397
0.02433800269470074
0.06392326763221702
0.061617655366539625
0.0638109364664105
0.06392328321238232
0.06390251284706659
0.06392328321628131
0.06375988624198453
0.04461377940199501
0.06365289579959063
0.06391764807252179
0.06386093181322393
0.041452417853887834
0.06392328321632657
0.06392327251332341
0.06392328170023802
0.06392229436970814
0.063854964190824
0.06391798407264639
0.06392328321632657
0.041269771340012126
0.06392328275820762
0.06259295504351586
0.06386854856657573
0.061126964542788806
0.037948900137303454
0.0635045164780463
0.06392328312969357
0.12559964218515862
-0.13063480913729109
0.0376867732325515
0.04758864916366519
0.06392237400659997
0.06392328321488483
0.06392328321632657
0.06366053712751132
0.04690415200525574
0.06156144814176155
0.06340670379100563
0.0638525495679657
0.06392328321632657
0.06389162269260612
0.04890307236183136
0.06113069160598006
0.06392056877441886
0.025581121075600472
0.058503917756361816
0.0624550072091571
0.06392328321632657
0.06378889766064838
0.061800734470878735
0.0577515708155901
0.062426773470647456
0.05559586175352097
0.06392373590960183
0.06367563756376701
0.04586310881863208
0.06392328321620666
0.022663369659378273
0.06392327984389418
0.03904879980086257
0.05186702486969785
0.036835827377679466
0.05742603204607532
-0.5796886873186593
0.06392328308029194
0.0361149954892461
0.06391396100148404
0.06392167859884373
0.062435177848061026
0.04619154226648158
0.06339359263105428
0.06392328321632657
0.06392328321632636
0.0639232832163269
0.06338863063848726
0.06387912670427763
0.06392326086152862
0.042271725011700984
0.06392277264305184
0.0628207173360095
0.06392218974832073
0.0637523219114705
0.04032696296429659
0.06392328343715137
0.06392325644721286
0.033980605766972774
0.06270972118658563
0.03683591279725236
0.05440695872627661
0.06360579303640651
0.0639232832149914
0.06390087011609923
0.040415279845682495
0.05736440589776923
0.06305090283873271
0.06391645382688631
0.06392328295442551
0.06391943131995247
0.06342752153221637
0.06392328321632657
0.06392328321632246
0.06392326146104929
0.06381093646641063
0.04460985749402149
0.06086889495876311
0.05928176096280101
0.04014636032138941
0.05733708125383182
0.06392328144550609
0.06392328321632657
0.06371471549126437
0.06392328294520062
0.06392328205508287
0.06390156175945139
0.060219805752964796
0.06381244595034119
0.06392328321632657
0.06392328321632657
0.0639232832161495
0.06392328321627128
0.06392328317739782
0.06392328321578655
0.06392319984732468
0.06392328321632657
0.06045370314175043
0.8511780682229451
0.04381496076391231
0.04231136031137686
0.05811567205335651
0.06392328321632657
0.0016745117460973962
0.06377570530170464
0.06392328321632657
0.054279763238926935
0.06392328321632657
0.06392327763552005
0.0639197696955894
0.044339677483699005
0.06392247415450555
0.06392328321632657
0.06382370064984723
0.0638289161634237
0.06391740201988674
0.061647861714565017
0.06300377672822907
0.06392327093678236
0.06384965212603454
0.06392328321632657
0.06390211863032792
0.06374614712876074
0.06392328321266222
0.04732387914535169
0.062417305130928816
0.05386601548738288
0.042949222678587425
0.05315056888989998
0.06274821760537878
0.039009754037029984
0.06392328317057228
0.06392328321624097
0.05860805447032128
0.06392328321266216
0.06383235460783195
0.06347582818466681
0.060028088730888905
0.05742863915144059
0.0352202657697137
0.06375924540996443
0.058819186953531354
0.03772647003126027
0.06089506045602861
0.06392328321103344
0.05162589810809253
0.06016201611745199
0.06392328307462283
0.0602622883859029
0.06224362435203796
0.06392328313220808
0.06388778215498794
0.06343513037184795
0.06392328321632657
0.06392328321632657
0.06392328321632657
0.04907800721401037
0.0638485286714275
0.06389629649435462
0.0334466027749323
0.06026228832086836
0.06392328321103347
0.06392328321632657
0.06392328317220008
0.06226693404666855
0.04910238494462847
0.06392327060683362
0.06392328321632235
0.06392328321632657
0.06392328321632657
0.06392328321632657
0.06392323106548584
0.06376272381754178
0.06392328229986831
0.06392328321632657
0.06392304882784214
0.06392328302429862
0.06392328321632657
0.06392328069347053
0.06367646404419298
0.06392328321632657
0.06392328321632657
0.06392328321632657
0.06392328321632657
0.06392328321632657
0.06392328321632657
0.06392328321632657
0.06392328321632657
0.06392328321632657
0.06392328069347052
0.06392328321632657
0.06392328321632657
0.06392328320720715
0.06392328229986834
0.06392328321632657
0.06392328321632657
0.06392328321632657
0.06392328321632657
0.06373747942621566
0.06392328321632657
0.06392321761894362
0.062475517052746295
0.06392328321632657
0.06392328321632557
0.06392328321632657
0.06392328321632657
0.06388954204733656
0.06392328321632657
0.06392328321632657
0.06392328321632657
0.06392328321632657
0.06392328316414254
0.06392326760569081
0.06392323267514777
0.06392006450117559
0.06392321761052547
0.03657058349951229
0.06392328321632645
0.06392328321632657
0.06392327555729595
0.06065339772613951
0.06373010740732077
0.06392092692148658
0.06392328321628696
0.028869130519634783
0.06392323468069772
0.0639228711134824
0.0629010351746982
0.0650747039988962
0.06392126955246749
0.05369983479381789
0.06392328321632657
0.05235440527141024
0.06371463534336191
0.05725054673145707
0.0357057523331848
0.048559453139488985
0.05120269174764824
0.051625898230368
0.05829733478559608
0.0637468512320154
0.061231605815715844
0.06362010950225336
0.04890307544159864
0.06392328321632657
0.06373167215667166
0.06386156261887266
0.059806280505219384
0.06391621776157641
0.06383617807886324
0.06392023201864096
0.05819127014096301
0.06215303621222669
0.09391277746515443
0.06249087451450487
0.039272862265113104
0.06392328321632657
0.04767971270409854
0.06392328303434358
0.06392328321632657
0.06392328321632657
0.06392304501766742
0.06389281973056153
0.06392328321632657
0.06374104211404687
0.06314361037461985
0.06392328321632657
0.06388954204733653
0.0639232705718175
0.06392328321632657
0.06392328314109652
0.06392328320813012
0.06392328321632657
0.06376307572636097
0.06392325990941876
0.063923049764868
0.04770552833599463
0.06392159522970317
0.06392328317608464
0.06392016270008251
0.06392328258067571
0.06392317352090332
0.06392324602835607
0.06392193748136187
0.06392328321632657
0.06392327795461274
-0.9360767167836734
