8.88644165750073E15
-2.5415628791158055E15
-7.466892177412666E15
-1.7618308962566764E16
6.69988856065545E15
3.0562372955094315E15
1.8513733207612692E16
-2.1326785801437468E15
-5.376432042936906E14
-3.5404402758614825E15
-6.158758365695397E15
1.13569709300838E16
-1.4429813525803078E16
-7.413233240977446E14
8.325214420714874E15
-1.242215136330272E16
1.787981607425671E15
-2.8362746503014355E15
8.603755567947959E15
-1.1524951168905634E16
-2.5247874747998925E15
-5.3408688010241406E14
1.8281201587889524E16
-1.953622357080299E15
-1.187663381305869E16
4.0500432705902455E15
5.283414940763728E15
-3.6427037617431806E14
7.306720719656707E15
-1.4580382916123602E15
-8.706336327055528E15
-1.2254477264885295E15
6.332152517440002E15
-3.0062603247327855E15
6.793837308808386E15
3.523114034594182E15
7.159780283681714E15
5.294406986504296E15
3.0696169269825785E15
6.675973550882113E15
7.219130473445739E14
-5.066015418718228E15
-7.875310223374473E15
-7.629783060790409E15
-1.386592203960117E15
-8.095710536811172E14
-7.18646154059442E15
-1.128332601002716E15
3.7751125090344735E15
-1.5503800626251395E15
-8.108626312743617E15
-2.1990376977246602E15
-1.0647851631247886E15
-4.6256395123473125E14
-6.890175363132673E15
4.743862168738923E15
-8.542765670534592E14
-2.7972073154784415E15
-1.7156317906559725E14
-5.017903934246303E15
4.912212263465873E15
-7.955832138626907E15
-4.883445423818302E14
2.2645678409183825E15
-4.3298148840703375E15
-4.934782986391366E15
-1.8469667768215255E15
-4.798322571391526E15
1.0099143904717399E15
-3.007930789209244E15
-5.1695567886097075E14
1.0225953720046308E16
-1.1120258524237124E16
-3.8040280342286275E14
5.746052691387637E15
-1.8107981248420722E14
-2.0355636727803162E15
1.9912724123777502E15
4.0257999614883206E14
-1.7412579204299628E15
7.926344071695624E15
1.0666757518683228E16
-2.6286759588956E14
-4.99840564572942E15
1.4050748710951174E16
2.688419572688075E15
8.505157920289774E14
-1.054838907475013E15
-2.734773392527379E15
-7.078438549422146E15
-1.9810814720481612E15
-7.399141126377037E15
4.76890893041897E15
-5.553271406074307E14
2.1704555779110495E15
-4.115243837149019E15
-2.1971149855502955E15
5.284048267156551E15
1.2256784878162062E15
4.562197675396616E15
7.639649936591709E15
5.515747328120056E15
-9.868397802246066E14
-5.102683805588175E15
-2.686877756125531E14
-1.188156599558937E15
-3.808914397265677E15
6.313384343782247E15
-3.153165482074623E15
1.1695004659315435E15
6.945114149885166E14
2.7031118434698094E14
-1.5672294609193575E15
1.0360670249346794E16
5.843975020038045E15
-4.591926345810659E15
-1.1150734757088878E16
6.094489416206175E15
-1.2249838172077878E16
-2.2037802002903492E15
-6.473304888744908E15
-4.428811032337117E14
5.114664895373413E15
6.202396868649986E15
4.156419311009861E14
3.4548781732249295E15
-6.58986525016105E15
-4.266577588540556E13
5.5840047142058975E14
1.6965649917016602E15
2.870862180251747E15
3.715974806878657E15
8.70100377738383E15
-1.5121664400143444E14
-6.650732927164963E15
6.106242511124004E15
5.170060079524831E15
-1.5224570292037685E15
8.015582558820059E15
7.707179475175589E15
-5.613656796396613E15
-1.2125327186061112E16
-9.246876393063895E14
5.19250328291959E15
-6.091150650728826E14
-8.257016148206732E15
-6.016658929685279E15
3.816274023690272E15
-1.1758072815783852E15
4.739360610785061E14
3.9333195722602125E15
6.960503441155443E15
-5.360322619480982E15
-1.829092102267491E14
1.871842172651598E15
-1.5741683704859232E15
5.605156488195054E15
-1.020692286938459E15
1.429780353670779E15
2.537156696050765E15
1.0973767305555698E16
-5.624327604475997E15
-3.1099748680272805E15
-3.5114635830715445E15
-2.2657946426901865E15
5.796110955730555E15
-1.5258220934532288E15
2.829220299043428E15
-3.6133061259416425E15
7.707645060290256E15
4.748491810275018E15
6.801111225451559E14
-1.1729073097632412E15
-2.4887379332872955E15
6.000864915599351E15
-4.75588844054713E15
1.8645022977515618E15
-1.0578786993886806E16
-9.8389397923236E15
-5.91307611776584E14
1.4244485175709332E15
6.471886064372099E15
2.659903834095932E15
2.1017455768436762E15
-1.499418094026262E15
-3.54372006328024E15
-5.365234695591735E15
-4.4840583835455795E15
2.933164612558543E15
-2.0265720239996945E15
-7.71104901286258E14
-3.684038193346678E15
-1.3936504783842878E15
1.361573699541119E15
-5.184550152232088E15
2.7264541890734675E15
-2.5738317400507875E15
1.2979936032589495E15
-1.0095364176741671E15
-2.913691578040669E15
6.860444091514926E14
1.4739911958404528E15
3.5113118948654905E15
2.8237207677289905E15
-7.339868782289792E14
1.0911103860429771E15
2.8764737667591215E15
5.106714148500519E15
3.4443546111888235E15
-2.5322555187845845E15
-8.622710340962475E14
1.673661345592767E15
-1.7587164956364878E15
3.886773502050105E15
1.420359188919633E15
1.3203144552973712E15
-8.359871727383981E15
-2.113996473950183E14
3.0651471176134685E15
-3.44900857677344E14
-7.928718755072815E14
4.57561864117099E15
-5.292499398904066E15
-2.091452131340021E15
1.8082195037512095E15
7.465199537583503E15
2.784586584874042E14
3.7775506908437485E15
1.832307801776379E13
1.3423612790357722E15
-1.675445008981998E14
-2.2207634288302695E15
3.4722122952405995E15
-4.0336533274170275E15
1.3375806598242795E15
-1.2626830412219965E15
-6.57769003009552E15
3.735835114563842E15
7.906154426484992E15
5.291639806609397E14
7.555736845431969E14
-1.150776639973408E15
-1.3122128881317022E15
2.1804010078111578E15
7.651510011243209E15
-1.605406087994976E14
-8.034692418670488E14
6.386582326492895E15
6.566766150008808E15
-1.329785946207801E15
-3.303018572016723E14
4.152063578005928E13
-4.2928450209501125E14
9.719692102561402E14
-1.1217018432177919E15
-2.803474224345364E15
-5.467931814561402E15
-1.0756116675693518E15
-8.107649678947952E14
9.569256876866611E14
-1.2144102031199622E15
3.5256004069602855E15
-5.665911267075244E15
1.8884062856965815E15
-1.6590089877731482E15
2.5315353152759605E15
1.8120362291568932E15
1.526645059567703E15
-8.110368535044852E14
-2.217384945311823E13
1.496148994795542E14
-6.742008928737257E15
2.757672758623393E15
-4.035001833338697E15
4.7984819653507175E14
3.050017733988335E15
-1.2851161023880512E15
4.8372031625534744E14
-1.8685184815340475E14
2.982633376770658E14
-1.441849570626113E15
4.5606356499617194E14
1.7186250389251275E14
-3.3840248657813315E15
1.9840060412120112E14
-2.0350242411538265E15
-3.2143079534754365E15
-7.260310369021716E14
2.985473919902624E15
5.427296900614728E15
-4.4860325907733794E14
-9.141715848006471E14
2.8567895258247085E15
-6.569310353174651E14
-1.5809945323553225E15
-1.7477463262252075E14
-6.495058834748493E15
3.662844018850679E15
4.3249804380376725E14
6.193274279602736E14
-4.2348368822764625E15
2.8098944706607915E15
-4.4106173219044595E15
3.575341666873897E14
1.7046229973741866E14
-4.13355873559684E15
2.5574479579679035E15
-1.1614319279745362E15
-4.03882403902704E15
8.796607877376959E14
-9.859630405070108E14
3.4721296782588045E15
-8.89196796028253E14
-6.662789214299292E14
8.836764552987762E13
1.863123805659414E14
7.73760946496091E14
-1.7964898589441882E15
2.528883266106099E15
-2.422985359499766E15
-5.202073213584393E14
-1.1981456283385762E13
2.259742930946408E15
2.0499833598932902E15
-3.5822659325216735E15
2.832776785226632E15
-7.46027849087335E14
-2.7906359784020945E15
-5.27316490381939E14
-1.3042377736135092E15
6.137305649770986E9
-1.0418579189418318E13
-5.179023938977965E12
6.2502249469763214E10
-1.0352891856514462E10
3.206176999225851E12
-2.42107676592724E14
1.2696899757130774E10
2.933822477092532E14
-1.6270281285035782E15
3.2485863986646086E13
-2.6091368345926866E14
-2.0075906310297255E15
-3.2026261917279975E15
-1.7236343822937812E14
-4.687605335905443E13
-1.3764447109220944E11
-6.855774879579614E13
-2.1979434314579634E14
-1.0450353703104466E15
1.8244673059901456E14
3.5323171423432406E14
5.972345557109224E14
-7.8114236841718E13
2.0753706779539803E14
-2.181481729767716E15
-2.538609501658606E15
-3.534916941704621E14
2.40458891846301E13
2.801183345422173E12
4.946298341187436E15
-5.847655668077E14
5.358848173022393E15
2.058796679210685E15
9.175388187173269E14
2.2246867126864525E15
-7.460165026129984E14
-3.481253025275872E15
-1.222134508657596E15
-2.656662665200381E15
5.643292819303675E13
6.885138880310039E14
1.2082920017141317E14
-3.200627120967207E15
1.2079082712208528E15
1.1793055520448985E15
-6.560290817084188E14
-2.2449299582200262E15
5.37096538657837E15
4.546075491795661E14
-3.615017696311531E14
9.566002501796884E14
-1.071255627117667E15
-1.9816710635900262E15
-3.2806076566217375E14
-1.8234495106062718E15
-6.161253657462065E15
2.1527574427538342E15
-2.8606450670073415E15
3.420602353929573E15
4.796650233409513E14
1.706819900365703E15
1.7898396052081965E15
4.583343482908937E13
-1.0407351951170846E15
-7.659637542918276E14
-4.412298225512738E15
1.1442717380220715E15
-5.5498218306350525E14
-3.90491459759519E12
6.809438226777517E13
1.527221763027744E15
-8.957251446190431E14
-2.1334396513464203E14
3.7091488492413425E14
-7.260184623332849E14
-7.030789309337686E13
1.0288689843623905E14
-1.7079004717534186E11
-1.4051832824694856E14
1.7188340519937896E13
2.829952795757064E15
9.19955057344893E14
9.351710458667513E10
-1.6070369648722677E10
-1.3298185744871597E12
-1.87640550341605E11
-3.0409851233149043E12
1.9552911105145395E15
1.9320203325220682E15
-7246357.609148194
-1.1996934101120405E7
2.2275574442137698E15
4.038323990114096E9
6.60982385530013E12
9.810937932601632E8
-2.8538383459851265E10
-1.2074285932816839E14
1.1158341948536336E9
-1.7919823299522552E11
3.2227298385519805E12
-6.776391201667205E9
-1.6807848249440847E12
2.468513043974877E10
-2.448880237158005E12
-1.7155651612297761E9
-6.206547666317487E11
1.8403026104392097E12
7.69350473951606E8
-1.3747631321491258E7
3.50757369580569E11
1.8774918214517825E11
2.0729343164833008E11
1.0569541618055565E11
-1.4189258360828797E13
-3.546319040712188E8
-1.4776920423859758E7
5.709295847285586E7
4524092.265113479
1.6436666335984055E10
-2.962858658630556E15
-1.3662619698458028E15
1.6171384473979722E15
3.419664776258152E15
-2.9014234953469245E15
-9.63520771494507E14
-1.248016919675574E15
7.568502471650226E14
-2.255195277686996E15
-2.2387564543275248E15
6.74700790213809E14
-7.045288728383356E15
-1.6296142911624692E15
-3.0787013398814395E15
5.099393792308296E15
2.090257293769825E15
1.3798792442131018E15
-2.3733924841561685E15
5.648575199642732E14
-2.0528782505814988E15
-2.792454809397948E15
-1.3712796615985367E11
1.4622563028486052E15
2.054380782390643E14
-2.4372539650977488E14
4.0089728848763985E15
3.455285168479326E15
-1.5207755683988915E15
4.847556039051499E14
-2.82440951359756E15
1.4405363564867122E15
-8.512131712853484E14
-1.6467703476078442E15
-3.882089099791679E15
2.1529895040748625E14
-2.5772905689551885E15
3.225803910251833E15
-9.061652403735224E14
-2.4559031588583725E15
3.808308799733951E15
6.216620270756636E15
-5.676608376917623E13
-1.6746833843809822E15
1.8745934828611398E15
-1.2896036023754745E15
3.2684062257155055E15
-2.0752414530189705E15
4.682915510858212E15
-1.9082328365431195E15
-3.4274130773959345E15
3.3752559097185855E15
-2.649621636827077E15
-2.9840519422709445E15
4.4037085613923025E14
-2.81692668338601E15
-3.2109530578563494E14
4.1321617929923485E15
1.9538478653627495E15
1.7205258113561098E15
-5.284816165280485E15
1.4545756053432488E15
2.4436250076349215E15
4.6122237086928094E14
-1.0183448258239839E15
1.0845885270289758E15
-4.474932426351238E15
-1.3818778627878075E15
-2.2302426597648515E15
3.427027498800559E15
2.499278022816508E15
-1.82118082872731E15
-3.1542066151278545E15
4.109271065407855E14
3.9867299381633095E15
-4.1347409334746725E15
2.4778773549354955E15
-1.0999002283496974E15
2.829675316620585E15
-4.0101446816873944E14
-1.396614103137772E15
-1.432539221488981E14
7.133994803326122E14
8.770694955209715E14
4.814073463426812E15
-1.9400867645102075E15
-1.3959016233012672E15
-2.515741657083122E15
3.739574232564607E14
-1.6755643320634142E15
-8.112791294159896E14
-1.8822884470468435E15
3.30227530687449E14
2.4340482653457516E14
-1.3023287439644238E15
2.581394034954915E15
-3.140543785068649E15
5.863366619658058E15
-3.9133595514757256E14
2.1954526806738638E15
2.026165971122208E14
-2.6357924107096485E15
-1.3165326660573797E13
-2.0585821510843405E15
1.5590109073260515E15
-3.793010906321616E15
-4.658987390662613E15
-1.6608516697869322E15
-1.7807604466016653E14
1.936593016719781E15
2.615544219648079E14
-1.8558450491769075E14
2.825382117750505E15
6.642375308367925E14
-5.0586216846645025E14
2.5717324112483435E15
-1.3510172455297202E15
5.4333241937653975E14
1.9985998807976332E15
-1.57962329696148E15
1.0241759242197569E15
1.3699216999932298E14
1.4997337607323175E15
6.312389763009339E15
-2.960428946576911E14
-7.245795863799785E14
2.2374458403314138E15
5.943889661081695E14
2.261513092635061E15
-1.3318984829687262E15
-3.7683611652037735E15
-1.5576932124546262E15
-2.9712227877635045E15
4.260041584354507E14
-1.449474750016187E15
8.341338941012036E14
3.107715351230415E15
1.3304273068413542E15
6.927282883910298E14
-2.2989625798967165E15
-1.7939813064771685E15
-3.556065307849581E15
-2.1056903882636918E15
-5.755447750160829E14
4.194518008995066E15
3.0266337407354705E15
-6.24636447052638E15
-4.21253367144119E15
-2.2694732369692475E14
1.827713227490689E15
-5.008649194565536E14
-2.097083341814938E14
-8.708474473551766E14
-5.702166862398141E15
-6.052085404153058E14
2.702703579947289E15
1.3381303563820238E15
-1.94934421243905E15
-1.889495812517465E15
-5.200834600635271E14
2.6547723487235595E15
6.08098744551052E15
1.8015523051948858E15
2.345846536875164E15
6.515451900213189E15
-8.318777031690512E13
4.828693940153496E15
-1.3651655051274598E15
-3.3865025742408715E15
-1.3206331029848735E15
4.026114180694629E15
-3.086531932683717E14
-1.2519157752659E15
-1.8864748466391212E15
-3.4389256749524725E15
1.4085772474423248E15
-9.035179367523608E14
-1.8709169022770145E15
2.6934649291128595E15
-2.973718926884867E14
2.3574929847296375E15
-1.761632669012161E15
5.3655302375082664E13
6.425853080187085E14
-3.451905955091634E15
1.151503404130091E15
-2.4534216744230405E15
7.416212605423589E14
1.3419491994857658E15
7.467347354439102E14
-9.129063336346594E13
3.170859350909113E15
-5.696751131836792E14
-2.6941628399332866E14
-7.774084557767158E14
-7.350402185676876E14
2.0403070308672628E15
-5.153450428384725E15
-6.000767366532848E14
2.8927118552898615E15
-8.002246168581008E14
-9.253371067277042E13
-6.296145155487669E14
9.606424689678316E13
1.4146418028832458E15
-6.880397469472925E14
-8.395073997604712E14
-9.606814976826211E14
5.606177899531799E14
6.374133172902549E14
3.161624920707038E14
4.806131204106227E13
-2.5761597315273895E15
6.060711328895154E14
1.494437785269375E15
4.9580286744477394E14
2.354368374389948E15
-4.767053151199158E15
9.098621092651246E14
1.5593059971667275E14
2.8642257252514705E15
5.638725439081001E14
1.2513829657808678E14
3.9048213430897925E15
-1.494364011474957E15
-3.2895664995816875E15
-1.3865256360725108E15
-1.876944753883375E15
-5.489024982533215E14
2.1963870381158602E15
-1.038800953502849E15
2.4291078472394995E15
2.7478753955078005E15
3.098645607485484E15
-2.2976707581389562E14
-1.3106527852015242E15
-2.8055490836951415E15
8.228758066348369E14
1.0858581381700714E15
2.825630573406049E15
-3.119768625442334E15
-4.3946172349984465E15
-4.505040730881314E15
-9.736476409272754E14
2.2324009338184802E15
-1.9561778326869772E14
1.697311478499694E15
4.2978146920779155E15
-2.87198509086689E15
1.6704181490032588E15
3.0821730004354907E12
1.1220080563722672E15
1.0485340045394862E15
-2.1885911812833348E15
9.945341119360036E14
2.3662704699334785E15
-9.107189391334719E14
-3.127816008935644E14
3.5083665903283415E15
3.418040922991114E15
2.776032502493375E14
-2.6384092927795105E15
-3.273835930952171E15
-4.0469393446410155E15
3.0736551310350405E15
-6.381990467698036E14
1.1588349375512532E15
-1.716260436393307E15
2.652730517375697E14
3.1949893188906055E15
-5.785543892930022E14
2.163417845753903E15
-2.9028869048317915E15
4.183753762493819E15
-3.329028494420587E15
-2.289504875535226E15
4.826204561339138E15
-7.992542437314892E14
-1.7759456189178788E15
-1.3041624545099495E14
4.319278279604121E14
-4.2621288475595505E15
7.934765502472652E14
-2.405955994063317E15
1.471845630532138E14
-1.7641863429571308E15
2.967390616582457E15
1.5789530581401275E15
-3.826084970765275E15
-3.53506943393416E15
-5.3976375389890194E14
6.090364177699415E14
5.330211928312343E13
1.008938473848047E15
1.1317856230462745E14
-4.041769349038169E14
4.325769966349776E15
2.5034138016381816E14
1.4287588679659568E13
-4.462405436089501E14
3.9442226601420765E15
-5.5533870399344375E14
-3.2408851285679035E15
-2.975925804723466E14
3.62211734922175E14
-1.262068970719897E15
9.557748967586442E14
5.630181248574164E14
-9.041284583134315E14
-4.05608759124656E14
2.917503416532816E15
8.130988232265462E14
-1.4050878404608998E15
1.678730503520492E15
9.466981495894558E14
2.7709844469011157E12
-3.880467578929436E14
9.473243633966075E14
-2.3916211592956645E15
2.432903552557155E12
2.9086498373455144E14
3.44952992894074E14
8.388283950436224E14
5.114748489412878E15
3.8383986018684344E14
9.224620739856102E12
-2.032646699227428E15
1.5112062908123342E15
-2.74341990662344E14
3.3451470881258195E15
-7.702340732806127E13
9.434107804090078E14
3.77822120492359E14
1.21621566009224E15
-1.71307653634022E14
5.2197086776322675E14
2.355672022164153E15
-1.5368899529594215E15
-1.0453896861515169E14
-9.976108369255319E14
1.0696982676440012E15
6.8639869561684E14
5.659954284330232E14
1.212261650469942E14
-1.624705820362903E15
3.5467383888973125E15
6.680849012900551E14
-1.7933101040489272E15
2.5812153678968E15
-6.53245136578754E14
-2.284887273295187E15
3.4817124381054655E15
-1.4740670007619392E15
-2.663363441293462E15
3.3377082719917545E15
5.11505598628027E15
-8.411419798052652E14
2.7946301305421145E15
-3.395582320525781E15
8.856097197706061E13
-1.7369657083426145E15
-2.0703422412465628E15
1.754452156257963E15
-2.258768073838868E15
-2.450805596403203E15
-5.12618312129841E15
-5.248724937086829E12
4.710924021198544E15
2.0585908063346228E15
-1.9605434164994008E15
9.215149803822931E14
7.877605800505086E14
-1.3515140432570228E15
4.51346930077885E14
-1.3237332458545525E15
-2.110389996239624E15
-3.4709956980886175E15
2.436602454974321E14
-1.6195222230373995E15
3.8178523746444835E15
1.2684551517964847E14
-5.1290144667415594E14
-1.2184348931561298E15
2.473376107977732E15
-1.0959085659629014E15
4.156375263021035E15
-4.243329586594177E15
4.400810900775324E14
8.576842859584995E14
1.7522838598194795E15
-1.6879920802027016E14
1.9736023977916624E12
-3.253827476458689E13
-7.608970540673028E12
-7246357.609256643
-1.8921279080403794E12
6.23414569337208E12
9.068410147742725E14
9.776643795844849E9
-2.401956435483077E11
-7.025283408211054E14
-7.76021881740111E14
-6.833749396594388E11
-7.824647357275517E10
-4.598667736893699E14
5.937384440130826E12
2.9102327941504375E10
4.7713204773411026E10
3.349773972716886E14
-2.1777105383651113E12
-6.093111981188649E12
-3230104.4687848645
4.545863584617791E11
-8.667948603239178E12
-4.568255799658933E10
-6.884442001480026E10
-1.1131822709215143E13
-3.084828020751693E12
-2.912173724251708E9
1.7425409015460445E10
4.551047684705841E15
2.8074736384012662E14
-7.715273979701798E14
-1.7564039889163898E15
2.7428985347489944E11
-6.031174608071512E14
-2.1554082517691355E15
3.191176254132919E14
-3.067316793854095E14
1.295151906581256E14
3.313550633775042E15
-3.756904701090738E14
2.733989340499796E12
-1.4548158965617883E13
2.868363776149121E12
-1.3573998232827475E15
1.8983791272059548E15
8.240210872342534E14
-2.8796141801212435E15
-4.2575495164749656E14
4.1012940539850344E14
-1.920263497627836E14
3.87015694370985E14
1.0536400721888164E14
9.63598934580021E13
-1.8210554033401615E15
-9.66776396182185E14
3.2417125150144815E15
-1.9299711009599765E15
4.543869714042394E14
1.1562105910927272E15
7.842512198114188E13
9.638583967576578E14
-1.0473602265143694E15
1.8145482665251752E15
-1.0612310012940995E15
-1.3632869983242322E15
3.1775248818678685E15
1.9675085097594702E15
4.578064616337835E15
2.9245345338697975E15
-1.6106603941121056E14
1.0886955577761829E15
3.054443233306655E15
3.1418948652808425E15
-1.5780489361324592E15
-2.396018959302741E15
1.0757282993495148E15
1.957921664625868E14
2.3589427272580895E15
1.6595523151423378E14
-2.6839051777472975E15
1.7674144256383872E15
-1.5849647385693938E15
3.614022106967839E14
2.9098409753792205E15
9.392867312133067E13
-2.0596713486002235E15
-5.164126250876293E15
3.685703931761836E14
1.2090772683280308E15
3.7238277220104355E15
-7.798789013350566E14
-1.6551040409344155E15
8.489095886641405E11
-7.133668698296458E11
4.85857703566866E14
1.8936444404483588E15
2.868122532372062E15
8.329968497957919E14
-1.978881622476917E15
-2.045323407817054E13
1.5189819600162862E14
6.493190853294452E12
6.594228373269096E13
-1.2690605676046855E14
-8.183703196405746E14
-1.2739228678946448E15
5.212933869631395E15
-7.174179414284565E15
-3.773783745687115E13
-6.603356000151481E14
-5.974952474645406E13
2.6440704486846955E15
-5.844496643561976E13
5.0530915839226556E14
-2.4867088075406275E15
3.489120216179501E14
1.95882285806038E13
1.0651074370126404E15
-7.45953149806263E13
-1.4294563367184337E7
