7.92025904252793E14
-2.853744267669656E15
4.2042162359421275E15
5.075412885288135E15
-5.175108317930122E15
-7.020444541975408E14
-2.2714979816976675E15
9.67252768750586E13
-2.447214392888444E15
-1.3191231042253308E15
-9.517789296145891E14
-2.9123217050974405E15
2.0095716835937325E15
7.589827311335604E14
-1.8006713579856798E15
4.073318570383522E15
8.06951476502284E14
1.9914816396174855E15
-2.0922987340839422E15
1.3423978770523385E15
1.778782174290967E15
-1.0873367652779795E14
5.2240178589927016E13
-9.412875447061508E14
3.7369983867178606E14
-6.450740128869041E14
4.842144622658864E14
-2.0329180023308066E14
-1.0079716256041201E15
2.2115778727123438E15
1.455509757101401E15
-1.910704454205822E15
-1.4570113812222418E15
2.8969932520676365E15
9.698946584996199E14
-2.2389708548155972E15
-5.394100833434107E14
-1.0166937594699652E14
2.414871263932345E15
4.34827805673093E14
1.4128626345712228E14
8.12422100373855E14
1.0153416861272238E15
1.3702896852694492E15
-8.130261865843782E14
7.559781077095141E14
3.7533986533534975E15
1.0176121343141739E15
-1.9331423336673856E14
-4.734344601918202E14
-2.2631813001993538E14
-2.31350651634471E15
1.7801004574923888E14
-1.5585709582848032E15
-6.750329013857214E14
7.614786324333546E14
-4.753220395515936E13
-2.7273057735972984E14
-4.5642188896667906E14
-8.808280132486429E14
7.995121426529828E14
-1.573889209571179E14
-1.2876873533373258E15
6.284389095367549E13
-7.819405512763996E14
3.776468912535913E14
5.132272789570379E14
7.0172925316031914E13
-2.5128811694655712E14
-1.4729708440716988E15
5.516827219421346E14
3.00146952491986E14
-7.10396820143322E13
2.3694161793411675E14
1.2025643168560585E15
3.304637596626354E13
6.426052873036621E14
-5.2252900374269744E14
-7.714398052845282E12
-1.2228411801410518E15
1.2389972733371948E14
-8.65949452388961E14
1.631269857836584E15
4.840969030724566E14
-2.041711155794831E15
-1.0724168260899769E15
-1.499045975932142E15
6.672421780126095E14
-7.333690089874835E14
2.9648628158950375E14
1.3469041504116775E15
7.212237898460104E14
1.659101731934681E15
1.2640235165336866E14
-2.994234430989446E14
1.919477174281897E14
-3.552758196232077E14
-5.00003530648997E14
6.707313589644508E14
-8.767386791308458E14
-4.322298965038217E14
-1.8771626666621606E14
7.317828318785394E14
-4.258195993126961E14
9.868647285226064E14
-4.30991268769985E14
1.1228153331187655E15
-1.5373764824528862E15
-6.255967451003346E14
3.314417286611197E14
3.530903001847838E14
-1.2239797915074905E15
4.4513441985647756E14
-1.503531296122228E15
1.254141724423676E15
-5.414271997903904E13
1.1307811405578372E15
-1.8913050179103498E15
1.2212492748427325E15
-9.993388400120072E14
1.1603108582250745E15
-1.2871802104868452E15
-3.737125987162904E14
9.988189838192282E14
-2.297853375586226E15
1.479806340451982E14
2.2986869874318478E14
9.690572771514619E14
-3.807304511409207E14
-8.514183151485351E14
-4.659194591961488E13
2.1052110685580822E14
4.310345605812906E13
-1.0985463949941911E15
1.8264259335245255E15
1.3652657085121428E15
-2.204831465745993E13
-4.3822146620745075E14
-2.4790635439961275E14
-3.206907189567751E15
6.696326549236888E14
7.351219724275802E14
-3.9218206199201575E14
-5.0749113797901106E14
1.0304451932832434E15
5.89278243062275E14
1.503703983110765E15
-8.454848386645062E13
-1.0305663383078508E15
1.2297152229550992E14
-8.044949200142347E13
-1.0394067675377209E15
1.539377551834733E13
-3.304105586284548E14
-4.0641422822373925E14
2.387870427626468E14
-3.7741991242105125E14
2.7765555305380588E14
-2.940588386959142E14
-1.4243246045371885E15
-1.437392083319884E15
-1.4389915313955334E14
8.71920556227253E14
6.963650328899018E14
1.0214303181776872E15
-1.5909901550229684E14
-1.0527409502798055E14
-7.17589134721353E14
1.3368354375413548E15
-8.618735740098154E14
3.709885804150784E14
1.484904336561338E15
7.104468929891396E14
-2.0040154534682928E14
-5.3215564374223625E14
6.954776308038724E14
5.545002707256664E13
4.291334276886989E14
-1.773876510547658E14
9.264142943842816E14
8.689651039221685E14
3.056763400941689E14
1.4528565384999822E14
-4.079627743397601E14
-1.139566209633064E15
-1.3750819623499352E14
-9.134558272875292E13
3.1956177768131675E14
1.3472001689316495E14
9.466673497794598E12
-2.7932652141026078E14
4.155559895228504E14
6.144124849282115E14
3.126370432815434E14
-8.429012343703758E14
3.391061802711946E14
3.9204737473207344E14
-5.3768571521226344E14
-8.908389057306088E14
-1.19538851353636E15
-3.023011775125241E14
-7.472732870221644E14
7.633262474783612E14
2.900251314479498E14
5.527760958812143E14
-2.003936611235604E14
3.0429381648907656E14
4.4645991677809106E14
2.183638631727796E14
-5.470752595460834E14
-1.474598428969688E13
-1.5703239166458165E15
1.576150693012368E14
6.909339449878445E13
-3.764673203263477E14
8.759575511175164E14
8.76921488665306E14
2.687242887899132E14
-4.66987983677024E14
-3.7615940199142406E14
-4.303972882541518E14
5.688740622130661E14
-2.904262975818091E14
-5.191129771862775E14
-5.3980173798680725E14
-8.725442374921559E14
2.4253906161139353E14
4.7953383455034906E14
-2.225282493217523E14
6.213780158912659E14
-4.80024300140048E14
-9.160717770380259E14
-7.08862732598629E14
4.0994127072233206E14
-9.356330935916262E14
-4.306684616298706E14
6.17314273449012E14
-5.394381192474084E14
-5.943192343872972E14
-8.424612784485966E13
4.060862623264042E14
5.267080052153551E12
-2.3769098851211272E14
-1.6641116505113472E14
-8.905867725650204E14
-2.891443808745305E14
3.3024501606207125E14
1.7264534267308482E15
3.6390596899031055E13
2.407917002748272E14
9.872382199274095E14
1.8272164181076788E14
9.439888561931872E14
2.122611343429464E14
-4.9408148599127294E14
-1.722433257581758E15
1.0831923864528362E15
9.707162646297302E14
1.6438238148644004E13
1.0670165167802417E14
5.0158624132001725E14
-2.863226096758154E14
8.132822568151024E14
8.510952793234066E13
2.5560158694865738E14
2.7954710031556697E14
-2.4750605704716434E14
-7.852904414673675E14
-8.067870859917579E14
-3.7374753531577E14
-3.252646048106286E14
7.318793400697008E14
-1.7642439711474715E13
2.1899515552541006E14
-1.4392005559332608E15
4.751524001661473E14
2.6238854953031438E14
5.808071881677969E14
-2.1835380056918756E14
-5.193574482227399E14
9.059650522482638E14
8.659587958538065E14
4.505875244200436E14
-1.0728833029807305E15
1.4350660367042712E14
-5.2567739262753444E14
5.41011311992357E13
-1.1757932823182319E14
-1.2426329159866877E14
3.644966317459006E14
-3.919746627696851E14
5.138012049254658E14
-1.0488103988009106E15
-1.1998775675235148E14
-1.4781718424775178E14
-1.3118025675661075E14
7.901197921199299E14
-1.4332131628782788E14
1.0995588409588754E15
-1.7276579954511084E13
-8.519228063167139E14
-1.392992370197026E14
2.4962863441518678E14
-1.684500289512574E14
8.841458775938414E14
-3.9400399591989806E14
-6.145001280427406E14
3.599876727447477E13
4.497417636668045E14
-2.721348019177543E14
7.698060666935425E14
-5.0451796733301806E14
-6.286893370375534E13
6.287125802031677E13
6.892740669825732E12
-6.668724644473229E13
1.1391549049231683E14
-1.6711468872280206E14
-2.5562074563396875E14
5.894999689883501E14
-3.66872839788936E13
-2.1718653610129322E14
4.08459392043126E13
-2.6641318255683375E14
-2.1169722231512395E13
2.55700519168815E14
4.37232511194575E13
-2.9427230968186475E14
1.0762885734321978E14
-1.2989433211094553E14
7.859911225733638E10
1.2772574266200046E12
-2.498956082743546E12
1.535560481248147E9
1.5119260454984806E9
6.826004810196261E11
-1.0058827043938524E12
-4.521837078862592E10
-2.980111915511243E13
6.786142212980736E14
8.876869635880764E12
4.598293299228594E12
-3.3092209855500444E14
4.2892572293657044E14
3.0889488675360535E13
-5.354734566560955E13
-1.2043066883479314E9
-1.876193148293189E13
7.142248454703127E13
-3.593512038120929E13
-3.836616884160545E13
-3.2950817941809644E14
4.416748962807123E13
4.139494121927324E13
-1.6073894361316023E13
1.0484534278712476E15
-1.9619404314462925E14
1.8521159813165195E13
-9.172401704900225E12
-6.730674470025117E12
-1.1088233998690006E14
-2.5615965458756566E14
4.948118466070403E14
4.857873445359285E14
2.13664688882291E14
-6.869100239098978E14
-1.0117008306007942E14
-6.635386248049842E13
-6.026974943892349E14
-1.8731407055017887E13
7.408493579226244E14
4.084820920372586E14
-6.467265649297915E14
-3.100463603400365E14
-2.384630619275476E14
-1.0100298766580808E14
-8.148669628506898E13
3.746395507438395E14
-1.157122708710876E15
2.4576756252121503E14
-1.139678022101245E15
-4.066398796481312E13
7.657380189988142E14
9.122280705933051E14
5.6086222705193706E14
8.330041113066031E12
2.943775938658609E14
-1.2314045093025218E15
5.903586787290261E14
9.031447014541297E13
-1.3716491382972395E14
-3.000707850884486E14
-1.820123708877576E14
6.996433069515593E13
2.471318632078838E14
5.310946176540743E13
2.909222060060932E14
-1.074824984206316E15
4.236713626632423E13
8.853064369846515E11
-1.419617233323546E13
-3.078200564240361E14
3.2060024194019806E14
5.320086753336034E13
5.448680135292E13
1.4560182934491088E14
-2.128489908894091E13
-1.8451978577826348E13
1.9015916557662117E10
9.904246831445686E13
-6.39093660588661E12
-6.237403117270465E14
7.674683267257571E14
6.374118019834662E12
1.661490918858473E10
-3.728129102557464E10
-2.651010215481509E12
5.452676277239108E11
-6.179068868875802E14
-4.544571267322469E14
340980.70478598686
293699.74478693237
2.048904854312273E14
-3.7256187515291443E9
5.453167662476223E11
-5.756628309718458E7
7.37849484719944E9
-6.25231581613973E14
2.456054462285307E8
2.0108518294518215E10
-1.6937951280203103E12
2.517379667738642E9
-7.557510893551674E11
1.0487223260049229E10
-3.0776483673893335E11
-1.900935119628869E9
1.7222491194368594E11
1.2756075002504153E11
-1.7338424875490527E9
654019.3860547679
-1.2658954729272235E11
-3.62254353951889E10
4.071448723867703E10
-1.796235146787341E10
-1.2379589199451157E12
1.9822932202739254E8
724056.5399433137
-1.057247601154346E9
-237707.04904836568
6.273258505375304E8
1.5855513391567356E14
5.717024179485518E13
1.3943890025530178E14
-7.131836712824316E14
6.856392542555589E13
-3.710648543287164E14
4.114559853331761E14
-1.0022366925416456E14
-3.0709747419650525E14
8.55004945893325E14
4.097942398481247E14
-2.375890346504977E14
-1.1180769729893184E15
3.110952154507615E14
2.6323191111163706E14
-3.961839782177878E14
-5.1329817678613944E14
9.81677230557718E14
-2.2654509132192356E14
1.0735878218598554E15
1.876761711681466E14
1.5264007243268433E12
-2.9108213386672975E14
-2.1825546859338028E14
5.385120603577748E13
-3.369139020497842E14
1.6766917098319016E14
7.62700409308895E13
-4.233032572629427E14
9.738741578727955E14
4.258774896171359E13
-5.0336822525073875E13
1.085752189292875E15
-2.3627164686334512E14
4.6214560853150044E14
-2.2608181979645072E14
-3.1893719350396875E14
6.473011217574524E14
-6.141394185615091E14
2.6941188822931153E14
-1.0752106794008611E13
-2.9045158097311164E13
6.5720815813061766E13
-3.57790431954746E14
7.687191720369008E13
4.3804452837881256E14
9.18094441044705E13
-2.2814158265050023E13
-3.7318481512669844E14
2.993630531704815E14
1.5554464830477518E13
-1.7139447752321472E14
5.02586219325507E14
-8.076484674339016E13
-3.471217812684347E14
-4.9354697427489256E14
-4.804807020513523E14
-3.521241663453829E14
1.821752626115674E14
2.452364117717963E14
2.468472881221246E13
5.690608145886065E14
5.830442400023729E13
3.6357797431822744E14
-2.5178816491900825E14
-7.726006677924455E13
2.0985224341938872E14
2.9586829782502025E14
-1.0699779795257685E15
1.8258312135995075E14
9.160966719536978E13
5.8083311203683E14
-5.366039189566906E14
-7.108694979648999E14
1.757223255036097E14
-9.005467318748355E13
7.399299631970132E11
2.711836202614077E12
-4.961875538282524E14
7.70932251213413E14
3.570930039806381E14
4.514458051814475E13
1.517606663477759E13
-8.199705194485117E13
-1.0913400267473005E14
-1.2820367342177512E13
1.2382896019668578E14
3.837929793297339E14
-2.5487722251235112E14
-2.922871244785588E14
7.653602321561219E13
-6.5860033005831914E13
4.7487960615496805E13
-6.98628504634528E14
7.869611914285628E13
2.860354298725836E14
3.0007055413297175E14
-3.499183779646609E14
4.484633453891125E14
-1.1281627088178225E15
-1.810483052148402E14
-1.1055680558461386E14
1.3762078936045565E15
-2.6066558991676388E14
-3.2305657235841006E14
-4.440472683632957E12
1.5246858889776284E14
4.5084641030977766E13
1.9848601530466888E14
1.419008263497273E14
5.93595778732901E14
2.6935424325751086E13
-7.376810928870988E14
2.8428071104207695E13
-5.5249579972725494E14
2.209553108253366E14
-6.045959560538695E13
1.2141633969599933E14
6.808704513535824E14
1.8303530952877494E14
6.107868737986156E13
6.023203218043595E14
-4.598288408207747E14
-3.778834851489448E14
3.120510463804579E13
1.8794499932270078E14
5.864371850781009E13
-7.954014031793325E13
-3.519778280676647E14
2.4326550347677225E14
1.7523570256453175E14
5.444431947368623E14
-2.8239591305528244E14
3.789352895186293E14
-1.0517197259820308E14
-7.207586748426335E14
-5.664280064610114E14
6.431524309898167E13
4.5832081167129356E14
8.89106782649403E14
2.175992665700798E14
-1.0495273268254978E14
6.867592264440047E13
-8.767969620872884E14
-1.3026941528843375E15
1.0347919004351296E15
2.743776366041963E14
-2.528147970951341E14
5.5977472791433825E14
-8.566968978425696E14
-1.9136487658335575E14
4.88233200478338E14
-5.553829059199175E14
7.766729311295055E14
4.942747394679692E14
-1.8671711360015184E14
-8.993029272334735E14
-3.0507720759052425E14
1.3340521551872712E15
1.1518559270030455E13
4.4894441834644266E13
8.07484808150632E14
-9.932541302975248E14
-5.924611357838414E14
-3.576309966685612E14
-5.618682951706449E14
-5.23661110282294E14
4.124867299521495E14
3.0940502234851344E14
2.7413156218871228E14
-3.3177306053018106E14
7.537153339674921E14
2.735688901123853E14
-6.8701580957826016E13
-4.4098872279225006E14
-4.924894496239915E14
5.1183829630488625E14
-2.5902590261856197E14
-5.1248580729230086E13
-7.472383263574559E14
7.989022470714071E14
-5.547357185093908E13
-5.048658683569013E13
2.818950960255663E14
5.027027268470679E14
-9.49237148056494E13
-1.3749125205490477E14
4.1072593725296794E14
-3.332087226328809E14
-4.685629832752326E14
-1.929906258112573E14
6.430143476138662E14
6.420530496711221E13
-6.457918509331287E13
-2.270998096432607E13
4.533846732062042E14
-3.9516453962337325E14
5.463014486566389E13
8.290334565468064E14
-1.701130733819191E14
-4.143340325755742E14
2.7131893532041777E13
1.4699697897164466E14
-6.350047717546012E14
2.7538820711679727E13
3.6063969881993305E13
-2.3508874938110612E14
7.756607054259735E12
-3.600148517503962E12
-3.3461354597549656E13
-5.715062560332155E13
2.7491155191020862E14
2.4233537838579956E14
-2.612290195830072E14
-3.9431724943375075E14
1.7846760821845744E14
-2.6867006416063653E14
4.6470561731197044E14
-2.778753979618745E14
3.7918996978884875E13
4.815381375779568E13
-2.8832406003379675E14
6.403971351543964E14
-7.159298294410081E13
-2.2788594929286044E14
6.707173749722316E14
-5.5428555747950156E14
6.14487401517108E13
-1.163292310527222E14
2.186721396841594E14
-2.863445916098245E14
-1.0904865937784386E14
3.869002205582389E14
-3.1506028234216975E14
1.215127844928701E14
-2.999640191882477E14
3.426979413778264E14
-1.8271093687922825E14
-3.154723205198565E14
1.6541734022365078E14
-1.1804744270847898E14
3.0189636338630644E14
-4.29008008826997E13
-1.313202581603408E14
5.679483607323318E14
-5.0674451286001025E14
-4.447027089458423E14
2.820001268520298E14
4.575172774992792E14
-2.581791330550861E14
7.578382285072888E13
-3.987361008149573E14
1.1164191728397252E15
-8.987214523442797E13
-5.952680904959162E14
6.253481571427355E14
-1.0534260249988055E14
-4.434256885091217E14
4.083719559074736E14
-6.883387136078982E14
6.928849202895318E14
-7.145458227891452E13
5.856747521554002E14
-9.011891594582404E14
3.300174728122533E14
-3.6248674343978775E14
-6.914167400986178E14
6.347252190795078E14
-5.787841667405959E13
-8.896565201268445E14
7.87789975082161E14
2.295478747090572E14
6.984979408850608E14
2.2137210873890355E13
4.6223642023207844E14
9.906199234736817E13
-3.72158421648044E14
2.5415061510351844E14
5.926272763269161E14
-2.3300868862705742E13
4.374812635818471E13
-1.206744752405793E14
-5.56414292557777E14
-2.357360195097913E14
-1.2827233900803086E14
-2.1363640623776747E14
3.175558149488005E14
1.796395775451469E14
-8.607952969464848E13
5.258043971668746E13
-7.527085735434238E14
-4.0841311057929625E14
5.958679177900634E14
1.341272579316792E14
1.54959484625326E13
-6.220292487681188E14
-3.784700603903025E13
4.5728643960260657E11
8.268525350232722E13
-1.0243519709386919E15
-7.424250161129839E14
-1.7546916825318484E14
-2.3187326775787925E14
-1.290483926853778E13
2.356005479700238E14
-3.6207844043712394E14
-4.949891416718057E14
-3.137077463230301E14
1.3822397584360452E14
-3.9182784864851086E13
-9.30384293313551E13
2.664253910557432E14
-4.800691455631673E13
-5.2411900769317016E13
-5.938667815183075E12
-6.203617171793882E12
-8.999582587420103E13
5.720494150172635E14
3.2433107760676855E12
3.0968984980565156E14
-1.2203093750413275E14
-2.2052183873647053E14
-3.259101480304903E14
2.0886650105706484E13
-3.3020909893389684E13
5.983881518175848E14
-1.488314479798095E14
-8.450698870628392E14
2.8488316380097825E14
2.6223712418771122E14
5.23177632722595E13
-6.404890167464126E14
-6.993378371475386E14
2.85639659406285E14
-1.2697906138325969E14
-1.3323956356336312E14
3.0828165546142206E14
7.818617108184978E14
6.14413171001966E13
2.4727287666554035E13
-8.70463796236118E13
1.0267952813264039E15
-5.1524519724812E13
-1.2337954130711552E14
2.9145451860612494E14
7.540522730904411E14
3.892160748569998E13
-4.089809558755755E14
-2.6466857680564543E13
-2.3130952727874113E13
-1.8655246439930688E14
5.765893618625872E14
-2.5498119532008038E14
8.592564560144027E13
1.0896769898871995E14
7.516156535433811E14
-8.583296254072162E14
1.5202333573463397E14
2.6636807697506875E14
4.108234168938005E14
6.089119959676458E14
-6.487598872773624E12
-2.1220317211017538E14
1.2651088417361108E12
-3.241355921021653E14
-4.447453111995844E14
-4.1464868511377156E14
2.050278927752154E14
-9.49663305642066E12
-3.4694153959803606E14
-1.779459127981624E14
2.6868341120600128E14
-4.305874504753958E14
2.61144668531328E14
4.800081891411805E14
8.577239982346524E14
2.764609810320029E14
5.642542113343828E14
-1.2095173635124631E14
-1.87565789448425E14
3.213233396043432E14
3.460179045579494E14
1.6069547009512178E14
4.4070543861805475E14
-6.614528638787955E14
-7.018398101815125E12
-8.760183173136747E13
5.794119081248708E13
-2.255637831013335E14
-7.005637814446544E14
-1.924145401887082E11
-5.050385858144325E12
2.865708649314327E12
340980.70479114575
-4.609803889821624E9
-1.625663787617881E12
4.903309346372788E13
-9.913214440765833E9
-5.448621725261842E10
2.3418649989987747E14
-1.8645385244639928E14
-1.0240174612995306E12
2.6671052680159054E10
-7.298798799720497E12
-3.879348915446687E11
-2.6481235167144293E8
-5.575004696376124E9
-9.523863125943281E13
-3.0178467291162195E11
2.6055959894548213E12
2687498.058111505
8.847552093977768E10
7.13660735065018E12
-1.5974627528422106E10
1.338206187994789E10
-7.913744487081694E13
8.838787076558599E11
2.6425272124838004E9
-5.601712461241623E9
-2.2427285173368434E14
-1.4033469713664966E14
-7.769807810765697E13
1.0322225638589823E14
-5.289112390799827E10
3.470064588684835E14
1.1671142499968405E14
-5.527311263604692E13
2.274644221133241E14
2.9705908945570336E13
-5.799304799238681E13
7.251162865018136E13
-8.38621952141731E11
-1.2448991320314558E12
-4.755056964784127E11
2.1792846128745125E14
-1.5764202932512853E14
-4.1701333155570794E14
4.483501590197331E14
-4.8919921315490606E14
-8.572590575758042E13
4.263753327997316E14
8.392469536086675E13
-1.1718240514920664E14
-4.1366790813974506E14
1.3394551099199912E14
-2.2316285940348928E14
-4.660420667691814E14
1.206363085877463E14
2.5682034532414744E14
-4.777679037324899E14
7.298052421749986E12
-8.438109849118768E14
-8.321396673192273E13
3.351953481671725E14
9.898708045040012E14
-6.468787585557509E14
1.0940223725422189E15
2.5514295946451566E14
-3.2960195809015606E14
5.195708281061621E14
3.29066402435728E12
6.808770233765612E13
-7.288902368363381E14
1.5891883139236812E14
2.322101879610962E14
-1.4359677801497788E14
-2.7967221199896044E14
1.2645871089159548E14
3.160004152433973E14
-2.3497250207036253E14
-9.16605068851551E13
4.461095909003412E13
2.5035813227415297E14
-4.57084892703304E14
3.1575945684328965E13
1.8352739731495994E14
2.7156740455310603E14
-4.1789308357446475E14
2.2719162460049184E14
1.1139249361555169E14
-9.044129060114032E14
6.918824724392895E13
1.758822427341225E14
-1.5908113051062277E11
1.2237418063420067E10
2.1294435060867266E14
3.220823447945427E14
-5.174118618751576E14
4.661708612698041E14
1.3647288953660483E14
4.70637837829274E13
8.063218196504155E12
2.5619344486062273E13
2.5881812021808355E13
6.63476402831187E13
2.215735720142911E14
-5.960954085798908E14
1.5529643157418572E14
-1.505433174653452E14
1.699579758609209E13
1.413563333645216E14
1.2336015947427412E14
-2.2146460329215512E14
1.4960860777273275E13
-9.805976937838097E13
1.8316940539530328E14
-4.735603636447281E13
-3.038310763343586E14
-3.60462686912888E14
-5.824347448683582E13
672636.2356253557
