3.804955907537845E15
7.905622305936335E14
-1.2201985429631756E16
3.836560453755249E15
1.1526317090455226E16
5.847863272461404E14
-1.391003982613631E13
9.028849050055296E15
-1.0246393443710834E16
-3.251738801311353E15
-3.5352612161017665E15
-9.295771572632294E15
5.151346916310939E15
-1.3221200545220004E16
-9.452366741117044E14
1.0787963743048116E16
-1.1612918495278836E16
5.776056795176621E15
2.1658377396072988E15
-1.0071551653894434E16
3.4077899977154285E15
-1.8931778468035172E15
3.458587787628561E15
1.538320351027962E15
6.392820241384419E15
-1.971960128855199E15
3.986552523598234E15
-2.253903224652944E15
-1.2192736538332468E15
-1.2587085748019838E15
-8.624187889972364E13
-4.412218096610605E15
1.3374413573409705E15
-2.307309341995376E15
3.5729795018153725E15
-1.403622585992623E15
-3.7689204141873595E15
1.9192078334735488E15
5.830882723233247E15
-2.81730713879402E15
-2.132599120113421E15
-1.4284081665499294E14
2.809397897180501E15
-4.100190987694343E15
2.591271959264021E15
-6.925842171849143E13
-2.1659392175124355E15
5.839572970298338E14
2.786050191446877E15
7.171187040657469E15
-3.9631807445986325E15
-5.934100636647899E15
-1.4444442699939294E14
-1.427708676082352E15
4.404585372982372E14
-1.73981310709672E14
-7.563299937882964E14
4.795344979686135E15
3.288474713042874E14
-2.6718927297996465E15
2.230291773812138E15
1.8266980957599922E14
-1.2767116150957771E13
-5.374060327701829E15
1.3874904794794512E15
-3.1424621067620405E15
4.600564962190759E15
1.6792622909327062E15
2.0790477226736112E15
3.776521019161303E14
-9.704551158902E14
4.938625981376005E15
9.141193972547341E14
1.8190194902446995E15
-1.4445901703291772E15
1.4777789742823425E14
-2.3414341284559655E15
-4.441309057521135E15
-1.3835320157124667E14
-1.628435287494481E14
-2.1851153849252902E15
-2.580793870162611E15
4.93980702525701E15
-1.4001997063146722E15
-2.8618874344603145E15
-2.9035309852861605E15
-1.74101137182209E15
6.820786264260867E15
-2.883232462998154E15
6.503072035651983E15
-2.619452557179347E15
-2.2895847102084044E14
2.5087249200646455E15
1.7335878838287885E15
5.705750561111788E15
-3.8578635698071745E15
-3.8092081106780875E15
-3.493984458623139E15
-9.441146984332806E14
-4.844752543594067E15
2.6761188606474594E13
3.957756000087157E13
2.9522436089009365E15
-2.405060281782488E15
5.09610260517815E15
-3.408978726452203E15
1.0600510189699835E15
1.6461334150458035E15
2.663293703569727E14
2.906044454701571E15
-2.471274843248099E15
-5.090331221725188E15
-1.4978012243422541E13
4.708374497240159E15
-6.615007583251453E15
8.616182643253359E14
-7.646663524430802E14
-1.4417917902169948E15
4.4089525389764555E15
1.0306358238782414E15
-1.456359857133552E15
-3.356518317094025E15
-1.3155429048336462E15
9.344538235489054E14
-8.739109876286724E15
4.517433714956969E15
-6.161252055733865E14
4.1269378592434694E14
3.9466197469546335E15
8.73344153445014E14
2.101124921889207E15
-2.776086659046211E15
4.639028222328279E15
-3.0352195199481205E15
-7.718097939660136E14
5.125727392504259E15
2.3089594096456275E15
-3.0938550097434985E15
-1.6698284979379635E13
-7.380991159319003E15
-6.335537392083281E14
1.5314583921727122E15
-3.3738735260606715E15
-9.203182135020304E14
-1.8965437896424578E15
1.1571077398147785E15
3.9630817410614945E15
9.632024321027438E13
9.150408067322681E14
1.3320314640639125E14
2.6300306041565605E15
-1.483407684437582E15
7.998749721537632E14
2.0142190314723962E15
5.657735024213454E14
-2.7971476388213815E15
2.890675535302281E15
1.3506556363385298E15
2.4062570544457935E15
1.1260436442487468E15
1.2815696846967852E14
2.2522970129949715E15
-5.246876621835245E15
-2.462086796018057E15
-1.3995737832683638E15
-4.921912889132106E14
-4.670655537187503E14
6.561157313199821E15
6.218390303476454E14
-4.007646242774578E15
6.665185120020069E13
-4.137430140961333E14
-7.048227250326699E14
2.7291897687372615E15
-1.6534390453642172E15
-3.7840354010802685E15
2.733748096132101E15
-7.603032290450317E15
3.657731387352353E15
-4.751535177867476E15
-5.38146940574601E15
-2.1085690505838408E15
-2.5228875982668275E15
-1.0539634105957895E15
2.9918248805575415E15
5.830053102171391E15
-2.4971560206903575E15
1.0975508381898572E15
1.7029261595209283E13
1.3233467538224378E15
2.1764341751226028E15
-9.488050261692496E14
-1.5878160721137852E15
-3.1486460588884975E15
-9.900502074638555E14
-1.9518720045152282E15
4.693966349573387E15
-9.537575001882021E14
1.2197599775105508E15
2.815073415372053E15
6.143986802718149E14
1.3563598196599562E15
4.485642782090902E14
-4.5466250918651594E14
2.540739360653255E15
-3.6159790266136535E15
2.123419473571137E15
-2.2084066927288715E15
-6.742067920973921E15
5.918540340308409E14
3.6707653363315415E15
-5.916779231728201E14
-1.4630976600581292E15
-4.441679548310009E14
3.665758598609653E15
2.776327463439741E14
-2.542300226882302E15
4.8248126103905075E14
-5.727276577459016E14
-1.1744028376326978E15
1.5924290233550628E15
1.759633626207822E15
1.891560338885572E15
-3.809540972469365E15
-7.066150385827034E14
-1.0044490015946431E15
-3.1284472007274505E15
2.3481652384710435E15
-3.9875700917185715E15
3.5934284332328275E15
2.2820166801680706E14
4.2182695849712556E14
1.0656387078760659E15
-1.1937905033075162E15
-7.299080575437738E14
-7.259802243731478E13
-1.68035277600736E14
-1.6980522733698622E15
-2.386700708594549E15
-1.4197074211181255E15
-2.470422343990059E15
-1.2378538270667568E15
8.257593523104995E14
1.3196708904457378E15
-1.921215891456737E15
2.0896331678056512E15
5.038324850490481E14
4.214116466138443E14
2.7244949604543385E15
-9.957229832174739E14
3.197635788278373E15
1.4067417855522358E14
4.418206163671188E14
3.065319411017265E14
6.069458148083121E14
1.2441526219158362E15
5.466824966246712E15
-9.271052624496684E14
2.632664803593419E15
9.225250168365091E14
-1.7563548153114932E15
2.4362115480686278E14
1.3783829721385432E15
2.940850533581564E14
1.760284638878266E15
1.751782391553747E15
6.312382117055122E14
-1.935659588812227E15
-5.595775608318403E15
6.300067653187788E14
-6.491852710396021E14
3.998811518479682E15
-3.700534679693197E15
-1.2236860737679278E15
2.1258317588052558E15
3.5113867464570355E15
-6.619930971304181E14
2.267389735209222E15
1.883618919416226E15
-9.476549813435459E14
1.2040876913548792E15
4.1133387578860935E15
5.0512382510765E14
-2.1161749967360748E15
3.314016305177289E15
-3.8266777373859145E15
-3.782233944681832E15
6.316269407521016E14
1.1516321810593712E15
-7.63480621384322E14
-3.63494330815849E14
3.0077448446875825E14
-2.883580469822467E15
-1.294117383581811E15
6.687287363100468E14
-5.485560970321518E15
3.204747546682818E14
2.0299757430421538E15
2.8723634354717335E15
-4.0060164523072856E14
-1.670997708799924E15
-5.2407009164174525E14
1.3216636585423898E15
-1.0340940914861528E15
5.94618023453596E14
-2.005439331983038E14
-9.047777731712202E14
3.288603375005505E15
-3.6210533775671456E14
-8.32362566787064E14
-7.527751752633959E14
2.6329654795175855E13
2.812230178327889E14
-1.035044860123824E14
1.4236927402410938E15
-1.8031588519972822E15
3.3727004290846875E14
-2.385512107107246E14
2.7756917804996116E14
-8.266579383856756E14
-1.6443849777409416E14
-1.290140781697119E15
-1.18263092812697E15
1.1216522039634105E15
1.6391020697984612E14
2.386884581729054E15
3.5055176692328456E14
1.4525368881251225E15
1.4717810824090872E15
-4.045635601887473E14
-1.826067283603192E10
1.5270222664706865E12
-5.309639261054005E12
3.6146986986292167E9
4.990556584694309E9
1.491022641432354E12
2.7408625193277362E14
9.06675075475829E10
-4.06531381287883E13
2.0366787746220782E15
8.245299370616077E12
-1.4152409352586416E14
-2.928914867680342E15
1.7030257283419902E15
1.784576327312217E14
-7.335723541777008E13
-3.437942101667296E10
-6.459622452703296E13
2.5197984459033178E14
2.5311123760523634E14
-4.748852802433964E13
-7.513607346397114E14
-4.368579856501426E14
-3.401493161476682E14
1.1702370171391058E14
3.317710333317314E15
-4.714348934282114E14
1.7899294926551222E14
1.4151001435815426E13
-2.4557275008508523E13
1.471095853687577E15
-5.461308004791922E14
1.6237046956861338E15
-4.673888090894145E14
-1.2429425908183755E15
2.0072858178222095E15
-1.9472877382000012E15
5.3543837508978844E14
5.735014673652518E14
1.3010324653657184E14
9.869421210313759E14
-4.451365089030575E14
2.887523441470048E15
-3.228132021312672E15
2.658026410592201E15
-1.8393665911854522E15
1.052247134904051E15
1.6996813216996475E15
1.5256317036567932E15
-5.257687273131473E15
-2.0580247847869184E14
-7.742138797020889E14
-2.2551198994668115E15
9.18747251271186E14
-9.745683762420903E13
9.754752189126422E14
9.99988979312699E14
-2.2891800132843004E13
-7.748476416012114E13
-1.5211250255925215E15
-2.927707361889387E14
-1.0142625348350068E15
-1.2870332969963022E15
2.6831654033937216E14
1.5746028757322625E15
2.4298051874937275E14
9.436256146431034E14
-2.6099727287057585E15
2.898117425586102E14
-2.72822149805699E12
-6.202782285380294E13
-8.551588015580785E14
1.112186757912798E15
3.058670288236681E14
-5.227503474490869E13
9.49106801352676E13
7.304311108843295E13
-2.3330529858702647E14
-1.2696141524321257E11
-6.267768859298651E13
-1.8212783954431523E13
-3.1431783041530494E14
-9.797958091922062E14
2.742718156122469E13
-1.3867325374086483E10
2.141474217782223E12
1.3505522769746226E12
-3.827511118312368E11
-2.842079666679582E15
-4.584164961856063E15
-1380323.7789609586
-3850586.2681911984
1.1404480568138458E15
7.397219008936758E9
-1.5129859948093862E12
-1.3238046851654687E9
2.9506370550792435E10
-2.1772597490484365E15
1.2545844361814806E9
-9.161648719378642E10
1.6636326081370159E12
2.244063742588068E8
2.1008378955780732E12
-1.463377966967682E10
-5.602037367286619E12
2.4720598007286373E8
3.137903181482413E9
3.212469862334268E11
-1.6948841030566669E9
-2578295.504671657
4.939853987089471E10
1.6181392249806094E11
7.56230731978713E8
1.5921601357354514E11
4.249528158634746E12
-1.4294646051999302E9
-2651389.05353878
3.5337456907575684E9
720694.0996543784
9.782006388814625E8
1.384405150111037E15
-9.062252237823024E14
-3.599842479477886E13
-3.311042881130699E15
1.062523600593466E15
-6.146642720997202E14
-2.2281229756626472E15
1.6814581319965898E15
3.132655935449041E15
2.997189612754644E15
9.18556059304187E14
-2.968387240625422E15
9.20994452010633E14
8.988761508465442E14
3.287913519978809E14
-1.3467827915461948E15
5.560229628015177E14
3.14931076499771E15
-4.880053548291315E14
3.534962455447516E15
3.058385920056742E15
-8.324664193117147E11
-2.342460526187022E15
-4.966780676983833E14
2.9639908314752575E14
-1.7706970680046072E15
3.5389446329873505E15
-2.995744013901941E15
-8.745045890881126E14
3.5137810021097585E15
-2.211321926924216E15
-1.4898226898693552E15
6.150186798237958E14
3.649737134218032E14
-1.6260145644719652E15
-7.985584755474429E14
-1.4127910247709328E15
-1.864657262636157E14
1.3838169174750128E15
5.2251776304081194E14
1.5299926476876115E15
4.881911347948445E14
1.5679255191286882E15
9.055003761833915E14
-1.2305784913706198E15
2.0093572319343238E15
-5.763137490846679E14
-3.902031080591688E14
2.9245509939317375E15
1.502933727184661E15
2.129281817699575E15
-2.744245205096073E15
-2.82744830102643E15
-4.964868996430348E13
3.387273974930854E13
2.4445183409196505E15
-3.192856722440067E14
-2.463285080871275E15
-5.014979685000667E14
7.319204823487614E14
2.424949154488127E15
1.0211064160112728E15
-1.1814098176529019E14
1.5920066909791158E15
-2.2987788280561906E14
-1.7720588029343512E15
-3.2488499192115688E13
-1.0891427572193154E15
-2.4912891299357225E15
2.972307612923488E15
9.080637839330574E14
9.37151800453187E12
-8.596352393642088E14
-7.712931619733722E14
-1.3622219194325342E15
6.037091529632345E14
-2.8169023725206665E12
-1.6080435403972565E15
2.870032660741932E15
1.3957174489945152E15
1.046536857072203E15
-6.946476091243728E14
1.2733385165342715E15
6.75217281586021E14
-1.0377915625182478E15
7.930166496400019E13
1.110986789937635E15
-2.3537892963134912E14
1.554433781254186E14
-1.3249196973647822E15
1.483415970964588E15
-5.0788665310712914E13
2.2460630245862684E14
7.818428491132806E14
1.0178757209109468E15
-1.0330055500391319E15
1.736789245192435E15
-1.9155592858355812E15
-2.813636163030469E14
-1.5390606598669455E15
7.885428791209642E14
5.446660322763439E14
4.069521378632664E15
8.874320285198948E13
-1.0410196181214984E15
-7.345974302709865E14
-7.656475039061925E14
1.495637126179766E14
-9.14382563002991E14
2.943726449473327E14
1.7351342252783362E15
-1.7429565103440925E15
-1.2550128164875275E15
-5.2315757411638306E14
-2.0661887587873978E15
-1.544817522223167E15
-1.0413500667978545E15
7.438345947841846E14
-6.63379463646815E13
-1.141257435822396E15
2.7199507646865328E14
6.03782570436739E14
1.5376462460121528E15
-2.4146879205003225E14
1.0692207094882005E15
-3.0287252867629265E15
2.4491347712345385E15
-1.1168361879438841E15
6.214242983603718E14
2.4288359157446875E15
4.2841071274418405E15
3.7730361794992344E14
1.6665591370886894E14
3.779579544092632E15
-4.172875407433027E14
-1.152191203057093E15
-9.971336145633992E14
-3.974210311600224E14
1.8588219291810102E15
1.4681340198907208E15
-7.577746450055211E14
-4.802326627637091E15
5.849272182932152E14
-1.8366125279383847E14
-4.580499069056226E13
3.1422731645178395E15
-1.763273299974295E15
-5.63246600185342E14
1.1623156991750662E15
-1.6378625158820038E15
-3.462924255266259E14
1.5610084769895308E15
-2.4661833849273138E14
2.3502326257665615E15
2.4034452067974544E14
-2.5079292180349422E14
-7.102374872609554E14
-9.796970517885112E14
5.242409503689754E15
1.0195194472490641E15
1.54780797709855E15
-4.552611819126576E14
-1.8369799480966928E15
-1.661128225659929E15
-5.263683270924194E14
8.996340918554108E14
8.075458654345336E13
-2.1661699552044202E15
-2.0251697696062918E15
-6.653832606582701E14
-8.866374833144045E14
2.4200018575409695E15
6.036872401751988E14
-2.087408012240409E14
-3.38294815220448E13
-3.318731673732019E15
2.3533207032730412E14
-1.718493855678809E14
1.6910084323668705E15
1.887281806308378E15
1.6094919190187522E15
-4.997744118559245E14
-1.3452192495500045E14
-2.0814234162141785E15
-3.569680688293452E15
-2.2157781445784515E15
-4.9770940276004975E14
-8.859627414044125E14
-7.826277025357132E14
2.523031134305309E15
-6.67989277153745E14
1.4087370652043088E15
2.927229172243535E14
3.306906338598566E15
2.935375875099409E14
1.549755435302991E15
-4.81142184810303E14
-1.3293329540395222E14
-6.3415305938820984E13
-6.203172139248459E14
-1.131916918773965E15
3.653356289263285E14
8.739372748425899E14
1.8178427035840718E15
1.160184924621695E14
-1.986820241362899E14
2.295745463575169E15
2.3030937984580425E14
5.981004334366649E13
-2.3589531992195872E14
-4.255666658952256E14
-2.5428156510499147E14
-1.1252126283962197E14
-3.354202168983276E14
8.870788108710878E14
7.472637181547066E14
-7.494832429574462E14
1.1951827422529145E15
-2.5631274114402995E15
1.3986092772555918E15
3.166529287946153E14
-1.0288264835064422E15
3.8171897187983305E13
4.1449192818502006E14
-1.3326672390457952E15
5.367369577418231E15
1.2703212483128308E15
1.0720835846188805E15
-1.4073170022496808E15
1.9716449821532112E14
3.291290473747725E14
1.0499764022593453E13
4.3805715691960325E14
-4.296880090292795E14
1.340475184289387E15
-5.958276300135152E14
-1.840611257527896E15
-9.780006451191601E14
-1.0206377667163786E15
1.178100194560737E15
1.767253471560091E15
2.5797659012084785E15
-1.1977936656714252E15
1.6342101614548275E15
-1.1471870632126415E15
-2.798814025314036E15
-3.4070228589838875E15
3.014569430441867E15
-1.7248568854517822E15
-1.341754154457729E15
1.3953129186526048E15
-2.3907197946303485E15
7.819661658386488E14
2.830871132506876E14
-2.1312979166242095E15
-9.088293199545219E13
1.001514729886248E14
1.370434171766135E15
2.214498840113169E15
-1.8621997726216062E15
8.636505586635581E14
8.285237342181591E14
-5.977547640280102E14
-2.1571688874416512E14
-6.115205441597382E14
-6.151593191602218E14
7.017929383569658E14
3.472767707067824E15
-5.757634579792866E14
-1.569823613848506E15
-1.5294728414540105E15
-3.617113441132537E14
1.220649965388618E15
1.2032744139011632E15
-1.3272607135383988E14
7.293983387618889E13
-1.525482014100501E15
7.483148109634461E14
1.569551588440132E15
9.031808172072242E13
2.612607349129379E15
-8.821871066186696E14
-1.6948826657265115E15
-1.0098505894575305E14
-1.5523343239129128E14
-1.9961154147227638E14
1.2921561991050712E15
2.0606025963131288E15
-3.3524056421894035E15
-2.081369806251525E13
-6.489042193054966E14
-2.04675706930727E15
-5.198616835029677E14
1.5752164621427505E15
1.0837290295812768E15
-3.5509922649941975E14
-7.516724856946884E13
-1.159907506851575E13
3.1554111033114306E14
-3.222987790251369E15
1.512959092162181E15
-4.129686729948471E14
2.2170670324824348E15
-7.217485532247339E14
6.489698936532931E14
1.1640818626679348E15
-7.261244135929976E14
-2.841377908848609E15
-4.7943650527579275E14
-8.193357052872553E13
3.387623138726288E14
-6.326257637703565E14
-5.3651089390908856E14
5.350908447498056E14
-1.5824169821971602E13
-2.3075163149607394E14
-5.2341580564993125E14
1.2035826030252868E15
7.673099779301761E12
1.6171984292519262E15
-4.438390649909326E14
-1.7496562188886262E15
-2.649839155586808E15
7.932952486054694E13
-3.0222058331901644E14
1.0141268502469891E15
-1.7123488294870245E15
-7.185719990919378E14
2.1992656716365666E14
6.347160365168988E14
-7.898052599036905E14
4.251942250233293E13
7.270742467843889E14
-2.7176934631806415E15
-2.5446473622722647E14
1.329370750165016E15
-1.0748913323624042E15
1.4072104024199202E15
-2.083551949407632E15
2.30804332343022E15
-1.9826967446034962E14
1.5483060937404075E15
8.170239147529184E14
-1.215768913848593E15
-1.3278179883018208E14
2.5597973878906515E15
1.18551814616835E15
-3.2472210413785415E15
-9.927141652074693E12
7.117557386105877E13
-3.6613663326319935E15
-1.3154229770059927E14
4.460397501045305E13
1.432052719448502E15
-6.044123337627271E14
1.7254447447515595E15
-3.132998216340832E15
6.19769707405311E14
7.180725784547898E14
-6.511238907566112E14
2.0139992595067568E15
-7.7738161309914E14
5.657054387024188E14
8.578821832061688E14
1.8336251109376652E15
-2.5911460310278094E14
-2.158207451802979E15
2.381569832807637E15
-1.7431283851460503E14
-2.84753938395944E15
-1.7417363899035935E15
-2.077172820372424E15
6.365909245027602E14
3.419562169483417E15
9.914298366896714E14
-8.122397633774575E13
-1.4833311062512825E15
1.330541238548133E15
-2.376353455627084E15
-1.5130544987969895E15
-8.937029089103475E14
1.08401811607196E15
9.764991991255853E13
3.9017330881873575E14
2.473176836712152E15
7.431711675505545E14
9.20642264783304E12
-6.6258549310440695E13
1.259505031790519E15
-1.887449346369006E13
4.0017636878051105E11
-1.869515740079083E13
9.69219842711354E12
-1380323.778981296
-6.571863249337263E11
-6.369626816403438E12
1.7169221604511253E14
-4.763190774412478E10
-3.4127164344506287E10
6.512867188931884E14
-4.700630308489893E14
-8.134804883313531E11
-5.879093434540298E10
-6.2254923845097695E13
1.4309067103282498E12
-3.5484895000748146E10
-2.4500569746746956E10
-3.349794916601659E14
-2.237370455720528E12
1.4973517714459643E13
9.738767168818565E7
4.772794153604583E10
1.2613718084399516E13
-3.423639862050542E10
7.982154698364142E10
-2.3626957121172906E13
1.6722239325174187E12
-9.576328882134943E8
7.863651390774126E9
-7.607743975618692E14
-6.011944126898096E14
7.084140681919714E13
2.1126786569577734E14
3.873853388840738E10
1.0851814098408016E15
1.5505884512500625E15
-2.6729184792821222E14
4.700383241738197E14
3.0817000708015043E13
-2.396458948656553E15
-1.610971402244495E14
1.494232104963483E12
-1.2168885322709445E13
-2.378405853401256E12
-2.7690919818730178E14
6.340332982059209E14
3.9266438270440455E15
5.154084030885223E14
-2.469602456057627E15
-3.460463110624084E13
-2.887951337139685E14
1.0475512974894189E15
2.303571425147983E14
2.3827031341590812E14
2.487029032225244E14
-8.036380228705748E14
-3.989774022950531E14
-1.4138620818285728E15
-1.8313247680549068E15
1.742603677924003E15
1.5190091202123272E14
-6.794234125365599E14
-7.983340598148478E13
2.29660444068578E15
3.170018947260056E14
9.463246164879216E14
2.0973247989305656E13
-6.087645231517988E14
-4.740844884578034E15
2.3305199564545795E15
7.65159859415605E13
-8.525467498264041E14
-8.741296497756204E14
-1.3166623712802122E14
-1.225607126232469E14
-1.170239749716593E13
8.933724631858968E14
-8.795026074082398E14
1.247441770447485E15
8.778535087764068E14
-1.3626338407327472E15
2.9544652394224445E13
-1.3745877276092068E15
-6.332189689359958E14
2.5341886489035025E15
-2.6575433224145797E14
-7.485018959139305E14
2.6034499343071575E14
9.065808064335748E13
-7.498134906391709E14
-5.5547660173573375E13
5.438665954921221E14
-1.7339551369839894E14
4.8066652089820496E11
-3.484979867744377E11
-1.1346636511474298E14
2.0005174904360098E15
1.311046572598925E15
1.2732931616040522E15
1.5525049458069648E15
1.6659149801253025E14
3.505168761352593E13
6.838606252020137E13
4.465593734132643E11
-5.088828951023426E13
-1.534399882319857E14
-1.3992221787268495E15
-8.425948072124431E14
9.755640354809818E14
9.90211121156061E12
3.401643408656178E14
4.305276984791206E14
-1.755631136445257E15
6.716051682939265E14
-3.054708512540746E14
1.649457059705165E15
-4.580801141637904E14
-1.0595826982780536E15
-1.1600237138466178E15
-1.8940750721334703E14
-2722903.375167465
