-4.05259484353561E15
-1.1246990388492425E15
1.3084055162383908E16
-9.259851277641626E15
-8.894080051393746E15
-7.362576553673124E14
7.82825827105292E14
-6.908516104096774E15
1.0184291598310402E16
-1.285690420253177E15
7.173282665004166E15
1.3899321179166692E16
-8.281140545429451E15
1.5193533414171922E16
-1.4422174463961334E14
-1.5318307406625474E16
1.4622643613211466E16
-6.110575491630054E15
-6.747043010509341E14
1.1408185213927894E16
-2.8641998653660185E15
3.5384885802812725E15
-4.4660963710932415E15
-3.1613494097076875E15
-9.919225864391354E15
2.702153265111907E15
-5.711047254466168E15
4.4539051890511975E15
1.3864300335318108E15
2.5035201127969575E15
-8.326633629580622E14
5.003752803879988E15
-6.909202226304042E14
4.269522011426598E15
-4.4591922748151375E15
8.48657063853151E14
4.4518111762358825E15
-1.9268596060757622E15
-6.36366735776383E15
3.349965023563664E15
2.4684289265888835E15
1.9073487439840165E15
-4.0619674083272945E15
3.483058293414465E15
-3.9434167414198165E15
-5.537008910994833E14
1.5248527269122042E15
-7.657426238056956E14
-3.8703349197552065E15
-7.216086846562271E15
5.183797155862097E15
6.244413537204443E15
-5.4390606907716656E14
2.7586678160730655E15
3.298097556282867E14
-5.9915922816963836E13
1.9879683782596485E15
-4.3259942070248865E15
4.502695785447276E13
3.167766557809897E15
-2.0049699009951622E15
-7.247993397213471E14
-1.017699393110047E15
7.447269243647206E15
-1.2374442653787332E15
4.4237225835137715E15
-5.859003312230893E15
-1.3347504477316912E15
-2.0974390532421902E15
-8.258705632819911E13
3.9438133095219075E14
-6.179221706907623E15
-3.047234528721332E15
-1.4061221335826628E15
1.7257588146474805E15
-1.6226576816022688E14
3.003465989071747E15
4.955846556118239E15
2.118799592405094E14
4.618978642854454E13
2.8449601740855835E15
2.3862111530862805E15
-4.888520514807027E15
2.0057499884760902E15
4.079790316950256E15
3.3890913963221795E15
1.4944811263327712E15
-8.890346888074357E15
3.626908999805867E15
-8.548011814745633E15
3.7703986650706E15
-5.150758190450322E14
-4.0882179920983285E15
-2.398300248811466E15
-7.019644596549022E15
4.836255602057719E15
5.327329355863384E15
3.99211910683167E15
6.192967247902906E14
5.319931731945086E15
1.8529081855780745E15
-3.766065976482512E13
-3.8274947840638415E15
2.611652019157415E15
-6.931304563985733E15
4.281453046220275E15
-5.364541658943125E14
-2.583536570834385E15
-7.722459735726289E14
-2.7324365446981285E15
1.472154351348243E15
6.152637125304056E15
4.942108637523375E14
-4.3955034330187E15
8.476992537382749E15
-1.7691690966227312E14
8.222453289321064E14
1.715669518963047E15
-6.106319217743267E15
-1.0370822031951581E15
-9.957351289629082E14
-4.320747624455322E15
-1.3453144361563038E15
3.189894217359252E14
-1.099123204547276E16
5.286361113800146E15
2.3233812278534275E14
1.0008120613981245E14
4.632733364308097E15
6.75263339433447E14
1.995639407567465E15
-3.56505733170752E15
6.161204977568351E15
-4.2592739193713225E15
-1.1916049495109418E15
6.947646630326957E15
1.6191055851587845E15
-3.565645149153508E15
7.6445137638421E14
-8.912939471101136E15
-1.2960307675082868E15
2.3078223519653525E15
-3.5843589013834365E15
-2.4925913501910075E15
-2.6100176743815885E15
1.2207634224821928E15
4.577228673771395E15
-6.250818114585494E14
1.4009833142422715E15
-3.0063731920326206E14
2.742772132669219E15
-1.0557835463296366E15
6.725938034711524E13
2.3677362174369085E15
3.2025223562513906E14
-4.697850617190059E15
4.804719579829994E15
9.704444889885948E14
2.551845001137342E15
1.4506947706660408E15
3.2415596149059956E14
2.4344082994442535E15
-5.710545922249452E15
-3.3698228877396295E15
-1.8517627031129912E15
-7.06156991530706E14
1.3328368847320253E14
7.812653629975765E15
1.1275575696134818E15
-4.4932001596520775E15
2.94754327868097E14
-5.2556962091023E14
-2.069986990087669E15
3.6267605715513025E15
-1.8235143530481438E15
-5.089786037128746E15
2.575338185177909E15
-9.694220064590144E15
3.9892752500001045E15
-5.752983557838833E15
5.921106866952041E15
2.7337709004510175E15
2.9660822970743345E15
1.638778846551831E15
-3.4185786202149785E15
-7.479608232121944E15
1.4371064007104618E15
-1.6169701056374625E15
1.6593664838047906E14
-1.9210882680915678E15
-3.687602218895525E15
1.4809637148012185E15
3.3232399261479875E15
3.7706414836532705E15
9.46600255556222E14
2.506754416570744E15
-5.557952430945557E15
1.043702043453059E15
-2.0288461680479922E15
-3.2935984592602575E15
-9.884375840256438E14
-2.500206339965266E15
-2.6914297615805122E14
6.298390260055649E14
-3.3415326448755745E15
5.756188429976056E15
-1.9803316178813048E15
2.691476853212593E15
7.859814909961556E15
-6.625679438169482E14
-4.441927822926342E15
5.206038887674789E14
1.5104502563873732E15
5.429256641090293E14
-3.8234139469757525E15
1.9861643385448675E14
1.7151110823242862E15
-2.726891761119106E14
1.1952394008332198E15
4.5463449772463944E14
-2.2212852757535948E15
-1.9010914138831482E15
-2.811127688023284E15
4.457927331372606E15
7.0063553481886E14
6.838941875108919E14
4.038535272443314E15
-2.481769458172384E15
4.716117195536152E15
-3.9111161664128735E15
-7.022707351276292E14
-3.715400594854598E14
-1.6553954226698425E15
1.6749205813966298E15
1.0932649101204079E15
3.787388240164035E14
-5.2051174301536E14
2.633127992339148E15
2.6504231807314965E15
1.6460111416252355E15
2.172166870645323E15
1.1291476669948208E15
-1.3624496633843517E14
-1.7849571276834805E15
2.3672626757496085E15
-2.3771419917060155E15
-1.1296511513643942E14
-5.772900457091238E14
-3.225195336752334E15
1.1687294081561152E15
-4.121688721028355E15
-1.8866876826557197E14
-7.263021949400821E14
-6.694575352327465E14
-1.2552071806354955E15
-1.766377837976596E15
-6.71473802627133E15
6.669031304263106E14
-2.9485468127406435E15
-7.533939998248751E14
1.9999609576193538E15
-5.24870644338688E14
-1.8099334251499202E15
1.2306126075279928E14
-2.6472365096617875E15
-1.7326618357038978E15
-6.120232711998902E14
2.6361548404822555E15
6.750997596385271E15
1.527027797639079E14
6.666946339885265E14
-4.884824568641909E15
4.765651874170962E15
1.7756168704387875E15
-2.2178822329236945E15
-4.10219847938849E15
8.674739069908609E14
-1.980425049123456E15
-2.0699612822282465E15
1.1679366268814002E15
-1.4147657016633962E15
-5.348790212652964E15
-8.16959225860167E14
2.873050967489587E15
-4.558877115357343E15
4.681227954249164E15
4.416163955013133E15
-5.0948127498878575E14
-2.0568688828345482E15
1.505864696860302E15
2.5114312323010372E14
-5.228637839456978E14
3.717293976235695E15
1.7706121218632472E15
-7.444116397509321E14
6.801763140719664E15
-1.1657914253465742E15
-1.9872508038052265E15
-3.7665670216668225E15
5.2288898482656706E14
2.503429123387527E15
9.555037302239938E14
-1.1149786874884496E15
1.460125534631982E15
-1.1153075159686001E15
-1.2863076757498808E14
1.740263542911123E15
-4.393341235681189E15
8.185636923630412E14
9.703876031777785E14
6.222863873880921E14
2.934513348709174E12
-4.796808300796082E14
-5.5734305639794516E13
-1.2710148715057815E15
1.8906662798402178E15
-2.713286579866044E14
-1.0509874986841292E14
2.490721059206916E14
6.258149144031994E14
2.0969405240652934E14
1.5685089921409155E15
1.4536255228454872E15
-1.1890406285873565E15
-2.97206704482975E14
-2.582392032805612E15
-5.054135271886342E14
-2.6553360881854035E15
-1.855252177234089E15
5.622788497429111E14
2.7904252701541058E10
-2.5676166589762666E12
5.00670341995641E12
1.553611491041829E9
-6.7862943887437105E9
-1.0593198054331772E12
-3.3607055233947656E14
-9.360549526592854E10
6.49725139302385E13
-2.4556564637088195E15
-5.697973756083944E12
1.4331516744997725E14
3.223334812947317E15
-2.031278175901061E15
-2.4199558259288475E14
8.299813557904344E13
2.7016644762176777E10
6.163672833090449E13
-3.139155759428752E14
-1.9986218179810078E14
1.3867364903390233E14
9.663844947804844E14
5.333436305756932E14
3.802361499581561E14
-1.3270170586140667E14
-4.456870777403164E15
2.5745443108529788E14
-2.044320064588676E14
-1.5848544131997207E13
3.639879832758688E13
-1.674239999011499E15
7.470644689267105E14
-1.8185931440417998E15
6.81431046103253E14
1.4618129687607585E15
-1.9829061608840348E15
1.9160380829968438E15
-7.380759633480165E14
-3.0261449883220406E14
3.7882032200716175E14
-1.6986291781647352E15
9.387075089158265E14
-3.836766263838244E15
3.763584073017799E15
-2.802335406551941E15
2.2178739666149515E15
-1.1283768875230958E15
-3.016389948020917E15
-1.3870566316153395E15
6.105294709379683E15
3.4130760663083125E14
7.632197501722385E14
2.5851690842916175E15
-1.5305068970674532E15
2.901773453023501E14
-1.3007751167104648E15
-1.2897664068148478E15
-1.5970315206678038E14
-1.1279833954571658E14
1.538325762841629E15
4.142798932481192E14
1.2762727075198132E15
1.389738046265858E15
-2.779290246968951E14
-1.902729851368443E15
-3.3117054521979825E14
-1.1295790061381082E15
3.323466241617806E15
-2.5629950400579712E14
2.2418953081961006E12
8.940216796784792E13
1.174994161311428E15
-1.2301733732164298E15
-4.7289351737297125E14
1.0825356322672494E13
-1.0707999354317325E14
-6.609376390360562E13
2.506484992757812E14
1.3158868800970784E11
5.334726200679845E13
2.2679815706855676E13
2.5797934827301945E13
1.4602857781447545E15
-3.000950551915296E13
1.3469425065644283E10
-2.286771649247512E12
2.417298030476845E11
-4.5204518585620026E10
3.691578495287618E15
4.845282188896509E15
1513698.2593561274
4584688.588235333
-1.2149781504541882E15
-8.042593455881934E9
1.8636393489581375E12
1.731366397850539E9
-3.993407388759628E10
2.926921781701404E15
-1.5930162328029215E9
9.600032995458069E10
-1.0461486808215383E12
-1.2876562729240549E9
-2.219591780499634E12
1.630871658751349E10
4.845885245027518E12
1.1830757821614976E8
-8.919370735029309E10
-1.702851238813472E11
2.612844251503919E9
2818032.0259323665
-1.4876409429554522E10
-1.7892267656842053E11
4.590505079943767E9
-1.7287165143669577E11
-7.101704383274338E12
1.7457228371929998E9
2869633.590269425
-4.198239115434517E9
-757558.5474936351
-5.932476005043043E8
-1.5646347575827145E15
8.398391734454348E14
5.6901211324564695E13
4.584087218305937E15
-1.0974004819894261E15
6.68359862508304E14
2.7019850762346445E15
-2.502943667574167E15
-3.2431881647950075E15
-3.819715138321976E15
-9.325347524689114E14
3.6135712968976645E15
-1.5577218456169242E15
-1.2000944443759808E15
-3.6367097263492306E14
1.8182871794022622E15
-1.5638315105367772E14
-3.7510470881180465E15
6.108028519346786E14
-3.7823749351035275E15
-3.2155041882543165E15
1.906490589881945E11
2.60398841133919E15
6.377732533276636E14
-3.671099601095869E14
2.1945309956753242E15
-4.354423889743129E15
2.793442343172634E15
9.144950126541781E14
-4.635509536475629E15
2.644102675839E15
1.8656105240746198E15
-1.4104076506693122E15
-8.995515878552188E14
1.9134099871140485E15
9.150338840511211E14
2.3575661564637345E15
-7.980166226944356E13
-1.9572051667689868E15
1.782839319555363E14
-1.9368549100227515E15
-6.259997838623494E14
-2.330632857324323E15
-6.814247008934628E14
1.424554358325305E15
-1.3351463224625558E15
3.340476793949931E14
7.194600772838545E14
-3.00944254848753E15
-1.7135290846149468E15
-2.657260232875663E15
3.50332260859158E15
3.124436183533397E15
-7.6582949812255E14
-6.773142493925882E14
-2.5373725299664085E15
1.4571669000996056E14
3.188194206725158E15
9.850658550296426E14
-1.0726457611175195E15
-2.6952545434237145E15
-1.3019258628310292E15
2.7149349252191206E14
-1.7595655669563365E15
2.6984772810332922E14
1.9975191536358422E15
-1.3722704841173848E14
1.799310758082706E15
3.024979760604897E15
-3.7368510583765785E15
-8.980759599866098E14
-3.397101861198016E14
1.441067137504037E15
1.1217446255241062E15
1.6221298337606602E15
-7.056264626307564E14
-3.3015432774450456E14
1.8410490902222772E15
-3.376316610810592E15
-1.424244475316887E15
-1.5927265383427165E15
5.224335360453951E14
-1.2929255230945965E15
-6.619822305812835E14
1.3060770456127148E15
-5.072719240216837E12
-1.5469049159388262E15
-3.1069459994536646E12
-1.4442993727900406E14
1.7694059681989022E15
-1.7841502862824975E15
4.614675849164186E12
-2.9606006942488906E14
-6.973249590084841E14
-1.0983442002750018E15
1.0480771448701418E15
-1.3965802791665085E15
2.6198183292185235E15
4.2544780136259894E14
2.2184738812377128E15
-1.4330880945949375E15
-5.2101260099059344E14
-4.967535085105259E15
3.448545134351638E14
1.0706728568788792E15
1.0490747172276914E15
5.103640544652076E14
-1.5297594727874984E14
1.0721495445526979E15
-4.480499668181871E14
-2.5220545122823775E15
2.3432582909207115E15
1.0706225446133492E15
5.503023018941063E14
2.5084176477762255E15
1.5116005267003605E15
1.1860436496457582E15
-1.0553477656535328E15
4.7123366847208125E14
1.3054622961857265E15
-3.468106884307592E14
-8.722527122727812E14
-2.006306176145994E15
3.3547839057120394E14
-1.4312021625738575E15
3.4703328120336305E15
-3.1379104809237635E15
1.686084679015876E15
-9.156341935237789E14
-3.356695430433364E15
-5.241441583179635E15
-4.2803954239378206E14
-3.4614346458458206E14
-4.920388628855124E15
2.346612123998777E13
1.1984578068090392E15
1.335347556026048E15
4.225279954976212E14
-2.2356981833749802E15
-1.699339135209853E15
9.293258898028669E14
5.269150400059025E15
-9.668310493622782E14
1.639539389760246E14
-1.0482942650855709E13
-3.758286689164875E15
1.4848816218444642E15
1.3327869264152232E15
-8.548566353271392E14
2.37645093509912E15
1.9122566260270662E14
-1.8208669932712922E15
-3.8862208983377844E14
-2.758730082913495E15
-2.150274640045648E14
1.3379896164121523E14
6.664385374261558E14
2.040297378219938E15
-6.409835090713285E15
-1.4434058758609522E15
-2.130068970541958E15
7.250119114644514E14
3.3130897869013005E15
2.604187670248511E15
6.521635627944926E14
-1.0412625672764208E15
-5.1110303875278945E13
1.8390187773847382E15
1.26149362737476E15
9.820669994606796E14
1.0346843330472368E15
-2.6680966794574595E15
-1.4463776022193138E14
1.791942988485581E14
5.261362282047643E14
4.067734550577611E15
-3.863931838696866E14
3.56974006344288E14
-2.1034525719505332E15
-2.104911870824631E15
-2.230842299316911E15
1.5047786403165866E14
1.948853036343671E14
2.5520458698638625E15
4.3408149742551175E15
1.9418264010010588E15
9.487818551941002E14
1.3448309977729485E15
1.1148686500004766E15
-3.344238031285394E15
9.943769576623208E14
-1.5517777023477908E15
-5.428151142484431E14
-3.4198870626332055E15
-4.158962936957296E14
-1.476397627014081E15
6.186530778923839E14
1.3388987462688092E14
2.2831167137792084E14
3.7066490608536694E14
1.3956904450612035E15
-4.7607265928640125E14
-1.0116364700959645E15
-2.086875800913989E15
-5.3582363636437555E13
1.889893121664381E14
-2.734965058322324E15
-2.106796895789691E14
-3.838086938799795E13
2.1234429925089312E14
5.798052909487704E14
-2.7960307586104453E13
-6.434104211626666E11
8.31794368755773E14
-1.0373240682883941E15
-8.496498339824382E14
5.969701099082095E14
-2.0100370136099688E15
3.3605778014505925E15
-1.6092781706173138E15
-2.5873931272347497E14
1.4348263432314418E15
-4.804383997419228E14
-8.643373778297172E14
1.5907884043116518E15
-5.977410238913095E15
-8.58501072521921E14
-1.3498651432228172E15
1.6391483628041338E15
-2.5449836857409306E14
-5.745409320938154E14
1.0504047486465038E14
-1.4550954612947553E14
7.149010611069521E14
-1.885580887452012E15
-3.882109702727435E14
2.419477481459538E15
1.3824110311900888E15
1.3955125103062512E15
-1.7839459971113855E15
-2.82821412293564E15
-3.696678907351726E15
1.6717613704786182E15
-2.2841977216032865E15
1.5226298123273905E15
3.685194615407087E15
3.855512719600709E15
-4.1092744688310005E15
2.5700149588331085E15
1.516105186369756E15
-1.7806633786918742E15
3.11028293787728E15
-2.611892943898986E14
-1.1116718135443884E14
2.812936150428252E15
-1.51288831645474E14
1.5690847488582722E14
-1.9351263582908112E15
-2.439160992975115E15
2.5486773911173915E15
-1.2733239301298438E15
-9.587819237080941E14
1.3139046260458682E15
6.503009427726266E14
4.60179759005631E14
1.052342096231049E15
-7.178137837213969E14
-4.3877953248855745E15
1.5862793659885492E15
1.916950315824949E15
1.8402605384690452E15
9.08673620056392E14
-1.3955884003128945E15
-1.7590082557233342E15
3.386168925450588E14
1.5187231305673412E14
1.5480727321268162E15
-9.019948418322622E14
-2.1143970321365212E15
-8.740651941136836E13
-3.0164561617564895E15
1.041380053351473E15
1.8506428915887745E15
1.4399269287268022E14
-5.442953971526937E14
5.710489834463865E14
-1.1925464581022512E15
-2.7119902522604215E15
3.9192633573021535E15
-1.0014941269671845E14
7.441799344674668E14
2.0350056339390665E15
5.957693729512944E14
-1.4479653132000122E15
-1.544146141932871E15
8.92260372707973E14
8.809749251050736E13
1.4667899576888863E13
-4.022292306880431E14
4.3999608914861695E15
-1.7758930445445132E15
7.0936335912564E14
-2.6025343894864695E15
1.3115967476960562E15
-7.794329186067038E14
-1.8363019444582238E15
9.079538574479852E14
3.195431646095386E15
5.968271047629835E14
3.36633900033387E14
-5.559468094059349E14
1.220836142842531E15
4.1896072526515344E14
-7.60768622311525E14
1.790714367736326E13
3.790114256077078E14
5.85339530579633E14
-1.3382663450833072E15
-8.120931703105228E12
-2.090399164983299E15
5.4979176133201475E14
2.219926438208184E15
3.0131272972423725E15
-2.0318225768545534E14
5.0830619051614894E14
-1.0925489044609518E15
1.8961784947769212E15
6.800937769529582E14
-5.4603668099592806E14
-8.121966705799992E14
1.2813759215733328E15
7.743176746331488E13
-4.72429869196251E14
2.709976543469015E15
1.1444711285326375E14
-1.7417088143979012E15
1.1532294704953538E15
-2.016079467032008E15
2.5083621074089395E15
-2.354907819487895E15
3.939941208938086E14
-1.6584417482744932E15
-6.992091790288392E14
1.6959301459139632E15
2.568232636783464E14
-2.779397586642723E15
-1.9041470894266095E15
4.571797046978323E15
-2.2692095562805262E14
-4.868119184668424E14
4.650744898570909E15
1.6552607973716944E14
-3.7713933488590606E14
-1.5484519381881718E15
9.881225814230088E14
-2.5617324058781005E15
3.9850090442169625E15
-6.520997093100132E14
-5.408571149561414E14
4.4627694322209E14
-3.204889337927803E15
1.3860791012117252E15
-6.451199505091729E14
-6.647771206204385E14
-2.439182396933893E15
2.8213927102826194E14
2.6974189387617435E15
-2.8925254590625425E15
1.9938944913378475E14
3.3047814078656215E15
1.909522747735575E15
2.809256496116091E15
-6.841909378080402E14
-4.1838066791315675E15
-1.6409352079415648E15
3.108499272073382E14
1.5585576810303985E15
-1.478322463184931E15
2.8586756657517875E15
1.6460027533672552E15
1.0893550079185989E15
-1.280057091883115E15
-1.1021889637714984E14
-2.1434960589621538E14
-2.8366253909668745E15
-1.1144803024922676E15
-3.792758513079258E13
2.2173947623414866E14
-1.590435593486575E15
1.628003423323849E14
-2.820183311467746E11
2.2852212177903473E13
-1.1643715482141594E13
1513698.259378356
4.46060912043842E11
7.893295737149602E12
-2.0214774499357797E14
6.20039794326408E10
-3.1089680096087555E10
-8.552804998073626E14
5.636426134286562E14
8.587071238003124E11
6.338074091818452E10
2.459558103365719E14
-3.612707703109821E11
4.556062455803784E10
3.3617126952065197E10
4.364880946599042E14
2.5622781418106943E12
-1.5131200563224182E13
-1.245215067031433E8
1.2324364565446957E11
-2.2478380292490277E13
4.387137023357577E10
-1.0530498928228162E11
-2.0495983168240684E13
-2.2409613227096367E12
3.996531085641969E8
-7.136989251794671E9
1.0599645347957126E15
7.075372068490132E14
-6.774411093844607E13
-2.51775242708707E14
-6.335996018848532E9
-1.2955408610559365E15
-1.1887027848984558E15
3.301280249474314E14
-6.797949378334641E14
-3.067970236744941E13
2.389418084995719E15
2.625471531677188E14
-4.61188202663902E11
1.3090397683901924E13
3.2839208792993276E12
4.0148929551708644E14
-5.560592697584209E14
-3.9798753830089915E15
-8.056784574236141E14
2.9693062048243405E15
-8.271959744068345E13
2.98982250444057E14
-1.4917774738524612E15
-1.0331425586439848E14
2.1251077340023825E14
-1.2716878409500898E14
8.848230922734936E14
2.154508317213201E14
1.3103000540961562E15
1.9411245551775905E15
-1.684399953258279E15
-2.390247292762842E14
5.7254094764919914E13
2.5359810660599816E14
-2.5420357392560995E15
-8.653595299962938E14
-1.5765226689285438E14
-2.0040555833473572E14
7.987898800854474E14
5.561105161140726E15
-2.662646613365657E15
-6.901618496932227E13
1.2321363530889082E15
1.2986527717464478E15
-7.05286709338977E13
-1.3292559045120284E14
-3.1055169209448144E14
-9.835026243413695E14
1.0111297917327476E15
-1.227348823935615E15
-1.1076655911971916E15
1.86502124895187E15
5.2361889346052016E13
1.426337583867413E15
1.3167066055043592E15
-2.89503560423486E15
7.264281636723002E13
8.858220184174552E14
-5.675914732816472E14
-3.419030202563278E14
9.689944481112619E14
8.033299716775847E13
-7.946673935597425E14
-1.602390127802757E14
-4.1714739881886633E11
3.1652096031729675E11
4.1501465847757055E13
-3.0236379646478435E15
-1.378817695446975E15
-1.7314823084369042E15
-2.0438316642377765E15
-2.5556134303496444E14
-3.82448285676947E13
-8.113485246286123E13
-9.082833711983229E12
1.3119680555253997E14
4.251973169789819E14
2.0201557462133162E15
1.035724748468387E15
-9.270854454984004E14
-2.2384249394318617E13
-5.279200636870913E14
-5.1700980086667606E14
1.9777323493853682E15
-9.964467169788695E14
4.183545665493225E14
-1.9551023702698315E15
5.173812425917873E14
1.501488622949467E15
1.5800131295873045E15
2.1005439232490694E14
2986003.1886622617
