519.0780288164776 946.4142856064674 6666 478294
542.130980483499 983.3178529854932 7521 509262
492.54441424099 924.5782822454787 7607 581721
498.4144861458182 935.1417004924975 7042 438498
516.0038759544351 929.5359057077892 7439 497374
514.0243184908668 939.1538745061962 7087 477148
534.4127618236676 974.2053171688194 7236 489933
543.4454894467337 980.2698608036462 7010 486070
553.7192429381519 985.5800322652645 6473 476972
579.2495144581478 1009.8643473259168 7224 462041
566.1731184010771 1012.377893871651 4179 470623
575.0008695645598 1065.319200990952 4186 528586
593.6606774917807 1106.3078233475528 4653 614360
593.5697094697471 1081.5220755953158 4380 553189
584.0547919502073 1112.0454127417638 4481 635121
593.5697094697471 1118.257573191436 4811 579449
590.7622195096772 1088.1709424534365 4341 515485
609.0295559330434 1107.7495204241795 4384 525449
578.9412750875515 1068.0833300824427 3993 538590
584.6580197004057 1046.492235996044 4399 472989
1057.5334510075793 1636.290010969938 4372 723711
1019.147192509502 1584.4964499802452 4342 760088
1022.0499009343918 1592.4525110658717 4352 717682
1017.0594869524595 1587.1534267360544 4345 750422
1024.1454974758226 1587.6580236310338 4334 733857
1019.3846182869349 1588.3466246383375 4277 710806
1040.768946500615 1615.481352414815 4487 858508
1016.8284024357306 1586.5030727987892 4316 684363
993.4525655510685 1543.3693660300505 4286 741176
1044.1551608836687 1613.8581102438964 4432 727506
505.61843320828405 992.9657597319255 4745 797160
549.0227681981869 1038.5615051599013 4215 840732
562.1280992798705 1059.234157304229 4724 849517
502.5733777270738 987.5677191970179 4742 877439
517.0 996.3633875248528 4131 766870
608.8415228940943 1104.9144763283718 4823 928257
525.3808142671371 972.9480972796031 4629 742907
542.0083025194356 1038.123306741545 5610 879653
548.8205535509762 1015.8863125369886 5538 771312
597.6102408761082 1083.411279247175 5657 889496
883.7940936666187 1396.1679698374405 3717 404849
907.9570474422235 1399.531707393584 3693 408263
983.5141076771598 1539.6496354690569 4250 674139
977.6691669475928 1525.1753997491567 3938 504367
886.0050789922144 1401.1727231144632 3665 537712
925.5711750049263 1457.3029884001473 3812 523103
954.8717191329944 1481.178584776326 4434 507900
906.9707823298389 1443.57957868626 3597 449914
997.663269846094 1548.563850798539 4338 610126
957.4157926418386 1482.2472803145904 3971 472241
