3.1654638497285363 10.482551084236839 0.7943050834588599 1.8356182813258581 8.2279035357912E-6
3.1653243328191594 8.271848415346136 0.7815750673388153 1.8400338418447622 8.213566022438639E-6
3.0315932367876894 12.23909924937441 1.1506711940303034 1.804402520844377 8.339494774079801E-6
2.935177491511901 10.0263500834028 1.3311939685410707 1.7870758869778873 8.369460165743076E-6
2.9719504701338164 12.253801084236668 1.2848974897518328 1.7920676674527993 8.374521471870323E-6
3.0573721501442552 13.224315054211663 1.0571577674026025 1.805416525709481 8.276568808001622E-6
2.822420589695198 9.760052126772344 1.5734876052901317 1.7662123122948867 8.491512881026305E-6
2.699188421532535 11.671989157631266 1.9371586760306996 1.732152132848277 8.56737108653705E-6
2.707548366029478 15.0852992076729 1.9551973879157285 1.7308825138131378 8.571333045351434E-6
2.7841585180824904 11.473246455379444 1.663035195062095 1.7585641413616628 8.498905203367062E-6
2.865697975741139 9.967721017514558 1.4722207308409152 1.7752348361726535 8.421099249399467E-6
3.1410580415398854 9.753780233527923 0.9163524025010192 1.8297000468517286 8.222060506374811E-6
3.182686441574909 10.14621142618838 0.8010969392455602 1.835123630725844 8.203800333242088E-6
2.67323669086935 12.525434737281017 2.0313152603926126 1.721383988323731 8.490526868520717E-6
2.5820235017710274 8.562244578815713 2.0902622533310895 1.7269099996464687 8.643368397966169E-6
3.071887600065796 8.150062552126787 0.9957736336617169 1.8228516812992483 8.260855239618366E-6
2.986900944922739 9.147410341951618 1.1876030902994155 1.8034456318474281 8.344493942724174E-6
2.780071393369709 14.933820892410175 1.8112985423169474 1.7434036851582904 8.480623094861708E-6
2.9169948308794913 11.004490200166796 1.4108630089327088 1.7805722290507173 8.389863776352779E-6
2.706586651826985 7.561531484570495 1.835723219578832 1.750497789482506 8.477668160685919E-6
2.6724264235956294 15.26282944120087 1.9954205243562169 1.7220028340648754 8.546379182401572E-6
2.7444943981512 10.44015846538779 1.7978659891919153 1.7495833998951174 8.50599985844961E-6
2.8254483938068744 10.916048790658918 1.5621012865387054 1.761455966743342 8.439958920597946E-6
3.0426658198960896 12.134188907422779 1.117105467295415 1.8063685916959789 8.282123112075799E-6
2.499023364132872 9.810754795663051 2.367821939834831 1.7011300391334478 8.636898046792136E-6
2.477473515561363 17.708005629691588 2.559833693708647 1.6643344345782998 8.597043500009746E-6
2.49863729932823 13.276981859883165 2.5297616625769264 1.6968196638500883 8.765846319568927E-6
2.5712104641278244 12.820406588823975 2.215650341685933 1.7147847504770481 8.713124220247979E-6
2.324476519891037 13.141704545454523 2.941993369702674 1.651758248613521 8.929833828330972E-6
2.4989647961462795 9.737736655546307 2.388651243866817 1.6994826124297466 8.776754632449488E-6
2.0096611232831427 7.237785654712272 3.426060798058254 1.6411102080006696 8.996445797661E-6
1.907721308140915 15.293415346121728 3.904053862337432 1.5441120045882937 9.205966112230944E-6
1.3841171286253322 13.579459966638733 5.107840230436599 1.4331061136098286 9.659191559047303E-6
1.295511474544332 16.824662218515517 5.459079642971272 1.3910415024286975 9.738733726887404E-6
1.4359370488143095 15.179807130942306 5.1173180659590125 1.4413945783058189 9.722020018905525E-6
1.239619192753131 17.903557130942627 5.653776365849959 1.3687256306063411 9.690366922970967E-6
1.6364700387089108 17.56431401167646 4.985365705986942 1.4607579869824314 9.296250241072676E-6
1.2839354568940937 16.43218723936614 5.6306650265943885 1.3795407468535856 9.682325638191466E-6
1.2889042181715624 16.157541701417916 5.499076006973596 1.384782148765153 9.548139444002553E-6
1.3833998101258407 14.716807756463734 5.46193111326882 1.4115048893944437 9.37666268457399E-6
1.5233464029239292 12.90644495412839 4.965428805032036 1.4621013881532312 9.697798214532768E-6
1.6965250098916962 14.411396997497802 4.442447423884747 1.5014759437628802 9.409414974505985E-6
1.7806960587024627 13.453892827356055 4.223332431081014 1.5165484158095044 9.076689861460663E-6
1.263704013469097 12.353490408673853 5.287537518767094 1.4160970152862458 9.735390966987847E-6
1.1031459708276585 12.935070892410351 5.824397700224611 1.3542258228750153 9.81211646563159E-6
1.4019723172792513 9.568917848206851 5.1499382464419785 1.4584193575251287 9.278464165812884E-6
1.226068241822118 21.450312760634212 5.9695195998939035 1.3467323925207932 9.91314734122945E-6
1.2726971509447422 14.85461217681393 5.536622483448711 1.3877879414684777 9.614695329603618E-6
1.4312397385851063 17.355068807339578 5.221413380481852 1.415261656882069 9.643897920826254E-6
1.5350084370914419 12.052954545454531 4.838957275476317 1.4700539371185926 9.214348210972057E-6
1.2520940158209972 15.356520016680594 5.7612438345238015 1.3729668512412672 9.688344616873134E-6
1.4473711815612218 15.74824020016671 5.093772897151018 1.4323828878908893 9.485474521649379E-6
1.6089939273875369 15.182166388657189 4.623403757168102 1.4777594442423387 9.405384658467437E-6
1.313087505626235 19.060166805671617 5.657034592891654 1.3755927707594535 9.70206601951484E-6
1.564143773051098 20.601703502919428 4.978333477367771 1.439201729144411 9.483816613748336E-6
1.1844881157214127 13.158780233527908 5.948420405741633 1.3746550727233906 9.686048267067252E-6
1.2156625336085085 10.224165971642993 5.359813427151969 1.4118114833094844 9.559875849600975E-6
1.466651320811003 16.876849457881598 5.094139585028224 1.4305484335744962 9.46020314711823E-6
1.5248563375242854 9.03098206839039 4.738127449399251 1.5080736173635625 9.47585979714992E-6
2.0629525777504067 7.41716221851547 3.463571732193782 1.6267901890969045 8.8969228065242E-6
1.0279551181941957 27.238650959133043 6.378726239343242 1.2860894981419582 1.0117723241346057E-5
1.0557231103534204 22.845106338615913 6.359624816090564 1.3002684840792942 1.0121175290326112E-5
1.1112172911573912 16.151154086738924 5.91287099622188 1.34553780560507 9.940672207608871E-6
1.1131294438763566 14.929604879065938 5.869641009193921 1.3598802104319365 9.920429488743054E-6
1.3425009847020097 26.305908048374015 5.618359724532777 1.3729311051956965 9.787563827917087E-6
1.0677867002659727 25.96598832360319 6.318900488234627 1.2997657298034917 1.0112760666819774E-5
1.2860331829489722 20.072765846539074 5.58765521205442 1.3705432211573727 9.78735236199567E-6
1.1909545954504892 13.23068286071712 5.490411164722383 1.383660766346658 9.868316077372256E-6
0.9012715386622184 13.292124687239353 6.433955544892645 1.3121462736418237 9.962706196390865E-6
1.2926279793825142 30.200602585488422 5.9186428461368505 1.3417866306424684 9.58644669362732E-6
1.2962682429475827 25.97152210175179 5.6763474739605515 1.3593695913182655 9.644601161955744E-6
1.1547360894893213 22.579464136780903 6.078233731537005 1.3260676438921073 9.78226304208621E-6
1.2759423923339777 14.784055462885714 5.46899157359934 1.3925981841751396 9.630827527065337E-6
1.0537263762179796 20.80631463719777 6.309268986326016 1.3086755092332392 9.908240306846822E-6
1.269842926556769 29.08966430358679 5.857147269740007 1.3395683505006288 9.693046876388693E-6
1.2826522341180289 48.38752502085092 6.245016177508492 1.3101080583193032 9.840296622964091E-6
1.5491702568419543 18.253875104253797 4.831013441837857 1.4506482012486455 9.595919732380508E-6
0.9816246678858347 27.003270433694954 6.6818694408493196 1.263562136785369 1.0073657610804351E-5
1.039821474169467 35.45313386155126 6.548162775114817 1.255440785504206 9.877874011272275E-6
1.1823866192162327 16.14041805671388 5.912497710290658 1.373039269960547 1.0007694377814468E-5
1.1687291054120936 12.437924311926562 5.469506459002847 1.3831185486147852 9.829493959704886E-6
1.2970179054533602 10.313350708924025 5.179382916009609 1.443558358449709 9.80068521745261E-6
1.2595622855378945 25.631377189325022 5.790333140968212 1.3435720657012882 1.0025035944318729E-5
1.135724194775054 24.968340283569923 5.927247519019863 1.3198213457404682 9.946572202445995E-6
1.2040903901909543 23.587841951626697 5.978603711224516 1.3316121617251602 1.0031512470601519E-5
1.1874241014729139 26.60356338615563 6.0530426473415195 1.3164776554742914 1.0173909055744965E-5
1.222926008111778 26.867806505421683 5.759065715048577 1.3331304655089802 1.0028051900374108E-5
1.368630866748123 22.802942035029552 5.468204140236308 1.3840386634821036 9.878183826196208E-6
1.2157116221274409 20.424895746455697 5.736993613476073 1.3477555319612433 1.0012419387384502E-5
1.1258142962922695 27.554629899916904 6.197588108787477 1.3001001356102126 9.892058919668172E-6
2.736826761142565 11.266640950792187 1.7416319637017126 1.7476450335690528 8.633932448643631E-6
2.8205722640965747 10.617472894078258 1.5756366787063303 1.7605510675364477 8.602987748783393E-6
2.7401112131909557 13.391419933277533 1.8299090088418724 1.7378290057360906 8.739482392536554E-6
2.9009517246782788 10.796703502919017 1.365029335906255 1.779635270893191 8.594173284496887E-6
2.9134771005339366 10.688834445371137 1.3554209783822089 1.7811361321077317 8.562958594880262E-6
3.002953538969283 11.694945788156698 1.1687996098346312 1.7940521108374616 8.498109422731937E-6
3.1379600581253726 9.561579441201017 0.7998513477899807 1.8279815327993203 8.332421641960134E-6
2.818154178694445 7.75753753127611 1.63052225823058 1.7650033882100784 8.534060838941576E-6
3.064166345930325 6.89538782318604 0.9346969775973092 1.8191339490347094 8.394165041275718E-6
2.752256432827915 8.11651584653885 1.7305094229645022 1.7568433088903608 8.677211660529729E-6
2.962157509931585 7.811014386989227 1.2282798349044728 1.796206550180834 8.480827136716304E-6
3.0785061902161575 7.065893452877466 0.9531380445566757 1.819302968749021 8.390288203946337E-6
2.7610060817069337 7.832796080066787 1.559164526634526 1.765777677787065 8.58046697623672E-6
2.6924536481974792 7.335431609674778 1.6198970740128815 1.758924540215989 8.606205268346134E-6
2.4305640013537526 7.7094516263554045 2.275035956783915 1.6984666515082751 8.935991177060568E-6
2.4142300286434226 7.275521267723191 2.3312019000137614 1.6923923055507526 8.791785341115198E-6
2.283211106914184 8.942080900750652 2.624451751441603 1.668334278945939 8.972273364928055E-6
2.7217569553102265 8.137552126772366 1.7154589895200112 1.7509586995947224 8.670507810309207E-6
2.313172484779439 8.831576313594686 2.5316968298881233 1.67605970560329 8.926888584967684E-6
2.4838037232041654 7.886369891576382 2.140833992582107 1.713049967309137 8.775767977023666E-6
2.324772922647587 7.668379899916628 2.3965661447848676 1.6891207965382424 8.884580550910549E-6
2.406991666029574 8.123926188490483 2.3525011895187524 1.697612463638665 8.827350638541076E-6
2.378355842003666 8.798565471226041 2.435959795544387 1.6821074191908967 8.811414246227353E-6
2.5295505796560116 7.852925354462125 2.0817624385229165 1.7153863403606189 8.8100182630212E-6
2.5446232833727853 7.820400333611406 2.0947368262070887 1.7212991059211937 8.768277427308697E-6
2.6240998385814502 7.752032944120188 1.8518964474451725 1.740309869459249 8.694534080673431E-6
2.4202350129812618 8.161324020016785 2.3915564450771143 1.6958439299699701 8.861607297599182E-6
2.7985807564884793 9.999351542952448 1.7316307125403774 1.7534056853145155 8.672126943392122E-6
2.881879806322086 7.248371559633138 1.44795980353592 1.7818209332819284 8.541032438170412E-6
2.819974443314113 7.099355713094349 1.5239222957970904 1.773489086798315 8.625076697140908E-6
2.172801158525666 17.508586321934956 3.4314358249378625 1.5939741522085011 8.64563416878664E-6
2.0769543067908796 15.326970391993274 3.5568631827919104 1.5812958494846792 8.607832297112158E-6
1.8696572103238314 24.719597581317903 4.272279704152624 1.5113561315873025 8.749689204602835E-6
2.2954511167639264 19.341188490408733 3.1163893691255815 1.628340266419216 8.669567360998766E-6
2.117284624438996 17.589860300250116 3.4112748116372744 1.6023585012244048 8.804531510191022E-6
2.1930203812756024 13.183371559632928 3.128440656529967 1.6240277952306696 8.707460960721128E-6
2.1310766650091018 14.2905150125104 3.417743422852964 1.6049056683030554 8.658632472880178E-6
2.17133394160219 15.486665971643005 3.1886674530930468 1.6193546985805818 8.800777397517444E-6
2.1934474284469836 13.060467055879812 3.10413470132257 1.6284194952827824 8.787268572661885E-6
2.2211994569218527 15.625594245204221 3.2088993801753842 1.6207393960100613 8.690771911166127E-6
2.249942563204581 13.79077564637193 3.245108810669526 1.628366840446977 8.74909360849109E-6
2.3672953175251905 14.621736864053352 2.95228827480807 1.6552168215864316 8.642316161782772E-6
2.2418812770605987 8.479405754795696 2.8562417934074658 1.6592668577897198 8.587056512537638E-6
2.346690035690862 9.582618849040857 2.8140961704306613 1.6691038602769852 8.657165186124004E-6
2.4514339945164068 8.874441201000813 2.621596931068218 1.6917347061678107 8.501887557730655E-6
2.3864664516011613 8.224335904920794 2.6985384309306526 1.6813519308606313 8.553152462164583E-6
2.4606799543616846 8.255381567973311 2.5718770604800456 1.6961375899420619 8.500040044450335E-6
2.3905986556210874 5.873717681401158 2.2786114726612627 1.7331797327176566 8.513203954049605E-6
2.30971716528743 9.890291909924892 2.7435803044387326 1.6684723526957952 8.63712207718033E-6
2.55265779597127 8.111434528774002 2.292255742066369 1.7152926094075542 8.46993009165088E-6
2.542305087884912 11.84620308590492 2.3487983893400726 1.7009538462495437 8.455204232491404E-6
2.531626875966019 10.527649082568779 2.3152204701646433 1.706873418183547 8.464734381891384E-6
2.33667188862839 11.398262093411134 2.7989790491987367 1.6640061153979058 8.698277811852892E-6
2.163606318016417 11.1813094245204 3.1755774085385577 1.6271076751972393 8.501094840481018E-6
2.172383958277649 11.922656380316864 3.1336923433698507 1.625268151732105 8.591450670379488E-6
2.151677087835916 14.361115512927377 3.143087694882787 1.6213004309022496 8.620546347716297E-6
2.1788052946029968 10.433163052543755 3.1826513314379756 1.6307120590041393 8.552016137782883E-6
2.1590330712508417 9.646770225187659 3.0212180091538627 1.6385235014005466 8.492955358544339E-6
2.2207644502749284 9.637687656380303 2.864934172779166 1.6472957743702406 8.508840585300598E-6
2.1575599162788173 11.320758965804794 3.1150551719125796 1.6342969496726398 8.664667084346582E-6
2.364412245626568 10.92805254378637 2.585212518831524 1.683927830266424 8.611800635606696E-6
2.4381810296307007 9.331648248540402 2.349657820817603 1.7044095068774565 8.661680819583754E-6
2.4317549051135146 8.370364887406181 2.397202552881651 1.7053241215845754 8.598581170140168E-6
2.3531433689930745 10.159124270225103 2.7389509421849354 1.6843220985176703 8.703566554944324E-6
2.224623020103783 12.043746872393605 3.110085916261311 1.6341254557945184 8.72483208608707E-6
2.101107571622359 11.703219349457848 3.461231656625167 1.6107530313001335 8.67527235579818E-6
2.6305095196436414 8.093843828190183 1.9393420777899784 1.7396568310047469 8.444932734854127E-6
1.9201417475042843 10.818820892410308 3.579943901656644 1.5780388449212308 8.879488769365322E-6
2.0974246560763383 11.797698081734731 3.218452774756395 1.6112629163006777 8.74216868621865E-6
2.0993188108027927 14.663365304420221 3.1730232463806765 1.6030237838516181 8.797571966291887E-6
2.2562538351501042 7.469593411176016 2.768151983137151 1.6822089726344052 8.618117098568378E-6
2.0951168434491727 16.156987072560444 3.590222771633027 1.5861419719567418 8.734987797001882E-6
2.347194374687087 7.987037114261913 2.593148142679464 1.692747768764899 8.557598544483562E-6
2.2699835163858704 8.353997080900744 2.7719042262182843 1.675346367587859 8.614345654323278E-6
1.84031122195121 15.098723936613741 3.902745404999389 1.5413536041655511 8.973184501277287E-6
2.05541135252247 13.82979983319417 3.335544069372517 1.5953963227325385 8.75611823519963E-6
1.8571165776645866 12.194480817347777 3.899012545735475 1.5556332114766356 8.900654874449329E-6
2.0398728405022717 14.138502919099187 3.441679372118259 1.5898758227081569 8.76492782775983E-6
2.1758609467596752 11.027020433694656 3.1315242850674028 1.6324292261302304 8.741554920407703E-6
1.8857555970985906 13.993306922435236 3.9248922246133553 1.552381087836206 8.911100622784314E-6
1.851422385992358 12.411140533778125 3.9080094483541257 1.5514367305938392 8.836006421331204E-6
1.8163512195099687 12.0018369474562 4.160425544145562 1.5382181098252525 8.776341097632441E-6
2.024644839346831 15.295895537948251 3.4671702073557134 1.580974844129467 8.889384540507947E-6
2.0538726342515456 12.99864678899073 3.3448183166312777 1.5978301573638638 8.848220108551466E-6
1.9534825292356635 11.684447456213398 3.592585322808585 1.5802720737850509 8.78391243830634E-6
2.223180083047209 11.981892201834787 2.960300366183945 1.6384558710549444 8.681993312235389E-6
1.8863844269376553 11.698240200166756 3.817825816253834 1.5605700329576546 8.756602032220148E-6
1.752003333108748 12.920277314428555 4.042580184612254 1.540144256540556 9.03827891576717E-6
1.711070659118581 13.094972894078385 4.383167154741938 1.5151146048683422 9.077310227485646E-6
2.306180367879913 13.936718098415211 2.9458791401225453 1.6382880363588783 8.654137085484414E-6
1.5222307281192762 8.401022727272764 4.5366699948829226 1.5112983731208363 9.380389611600877E-6
1.404629562083268 14.097548999165964 5.068738187249085 1.431169493683242 9.207083341996514E-6
1.7983504241587853 9.813870934111744 3.9483070289528905 1.5501844773349442 9.059065943151184E-6
1.4798611300707087 9.160727689741481 4.831065818972453 1.4863975054103027 8.926857126841195E-6
1.7006295461550396 10.845594245204266 4.075006095951523 1.52561209522712 9.093912815730229E-6
1.6060056917577006 10.313941826522104 4.47286156837023 1.5091608366667617 9.058905742638741E-6
1.5751735103937918 17.0846872393662 4.779408029565719 1.4637397540696189 9.193192418314282E-6
1.7563115279748172 9.619178482068408 4.001121806364502 1.5493767518723782 9.09272907866157E-6
1.7923536044097945 12.063422643869822 4.115306883075045 1.5405112774199432 9.034540415425855E-6
1.794556353335674 9.830666180150109 4.0147406700071135 1.5533252534861708 9.028715905851828E-6
1.713797289721948 8.201722268557182 4.0767292621919236 1.556686817097419 8.960438577368269E-6
1.9875223916511995 8.234333819849851 3.3038796419260135 1.6120499265101995 8.900048469579407E-6
1.9901639582198267 9.62979774812339 3.5790023510678624 1.5923827903876173 8.872593257563683E-6
1.9334014749181103 10.14560050041692 3.646297517611651 1.5792589067650982 8.907840404217618E-6
1.6916840294090638 12.618557130942488 4.2255818894960395 1.5169082029489824 8.987743572051481E-6
1.5018798907971291 11.670796497080886 4.507358236006125 1.4798673331336691 8.875722533598697E-6
1.510388213885168 9.955948707256077 4.838460221018515 1.4770661600860842 8.924611678251508E-6
1.4851607456786948 8.420613010842374 4.624253260850749 1.500735527844318 9.148485224645041E-6
1.5762463291013988 11.499539199332785 4.5965407922649755 1.4933287924593133 9.151773170691458E-6
1.7243058711467272 9.41105296080065 4.090202446690564 1.542226967570451 8.95930020159266E-6
1.5651377129540596 17.078974145120895 4.862570928335517 1.4596416292674028 9.16447095715408E-6
1.364695682155006 18.209801918265278 5.437905119429073 1.3996318966424588 9.149384149192948E-6
1.435103090766536 14.326620100083346 5.095673775068503 1.437709507497274 9.24954007831235E-6
1.4627004283166456 14.602518765638044 5.028040288958778 1.4445849175865593 9.254378940967531E-6
1.5273328618508806 15.296136363636274 4.8423169687789445 1.461057085309515 9.172804188483082E-6
1.8220615251190395 9.260756880733911 3.8704463158623157 1.5611667069495563 8.826671295990004E-6
1.559175536493284 18.03824020016684 4.781618955133524 1.4552382563777908 9.135773165383375E-6
1.5833241405967953 11.874955170975793 4.554903857407831 1.4898507138657675 9.132419050736587E-6
1.2907137947209886 20.557354045037606 5.562981981614048 1.3754969406913145 9.418132389551294E-6
1.0575933641749344 15.11662635529604 5.997581497428206 1.3401695235136348 9.330560041366962E-6
2.519904473452539 5.7387927439532955 2.1035606569832117 1.7262693558997202 8.424080868034678E-6
1.9133697182303406 11.929086738949092 3.807991956481486 1.5614570433332937 8.752982410725122E-6
1.6880016303990337 8.311791075896618 4.102854771782243 1.5369328063591203 8.666006715571226E-6
2.1345249734975145 6.190813177648055 3.091819858437235 1.6416394616346794 8.512011842671789E-6
1.754383024481302 4.153776063386147 3.620382645033319 1.6134466613430658 8.544215379262444E-6
1.9453847867036818 5.359532944120127 3.4739648831796757 1.62047242197282 8.507637246111987E-6
1.966981086437579 3.5360988323602833 3.042673067242076 1.6820125858400423 8.516977340577544E-6
2.4776474083810025 3.136878648874051 1.975159957665036 1.7611267511581006 8.286987075757751E-6
2.2542798209042143 4.0825834028356836 2.4619336994578127 1.7153671515094875 8.377636125022564E-6
2.4170270014207915 3.67746872393661 2.1810761930942237 1.738849364189564 8.292262400139087E-6
2.33518380399338 4.7349728940784015 2.5387885286928844 1.7049864068303509 8.4133944946496E-6
2.6835442311738014 3.867047539616332 1.7357964146319471 1.7653925026093966 8.258974710532821E-6
2.0791644404598575 6.083582151793215 3.2420917065582837 1.6345588726182176 8.527666633265802E-6
1.8257901675560535 12.492416597164288 3.9998282375094316 1.5430381325329565 8.598782130562865E-6
2.09315576100827 5.16857381150961 3.0061402274047992 1.6590545971963693 8.32767210730439E-6
2.215548612813226 9.474703919933251 3.037959076322131 1.633769097605729 8.45104072986214E-6
2.6130039437430175 3.8149728940783905 1.8690437363039925 1.7576578473472542 8.203632565657342E-6
2.274114865524557 5.658040033361122 2.6331544717723707 1.6929826449633014 8.38435258057464E-6
2.51459942865047 4.519013761467882 2.1308730867738355 1.7377810416746904 8.331017888459394E-6
2.506358521273027 5.529067973311092 2.1596096024235063 1.7352248771834717 8.283664885742046E-6
2.522262107052609 4.8726584653878255 2.1037546241806675 1.741878583102643 8.297171357137E-6
2.395938946640749 4.527337364470369 2.338994972880602 1.7295528866814585 8.33102450899992E-6
2.0135681870167295 8.854226438698904 3.4109003933295363 1.5950328364575395 8.543179336441487E-6
2.085057435318349 5.107533361134291 3.068850496939498 1.6492101740714762 8.37603112313275E-6
1.8880185766480497 5.807235195996658 3.505375409060777 1.6113770994609302 8.480357600907616E-6
2.0746993688035875 9.927183069224334 3.298509211886714 1.6068887319239593 8.626930231873574E-6
2.2303503566233127 9.489683069224343 3.013990537165496 1.6420665376552384 8.53798459290804E-6
1.6564198788576416 9.457987906588832 4.391874455662731 1.5400875333844046 8.624045351863192E-6
1.8806737049937057 11.094468306922428 3.9137034340488945 1.5633875315988401 8.51117025112986E-6
2.114996336747057 10.050667222685556 3.2690055666444633 1.6127979708927958 8.3987476020598E-6
2.7328674265163584 12.705791284403617 1.8872650773364796 1.7344692524097038 8.399614825993413E-6
2.601766008994216 6.282918056713956 2.1161380819352833 1.7378875474661921 8.419441339384765E-6
2.349767073837334 14.62478940783982 2.7871980975135657 1.6482822165062987 8.587673061253654E-6
2.7447902934276445 10.14690888240189 1.7212913186092216 1.7482431853377378 8.353372309224492E-6
2.5965411015855366 11.32375417014176 2.131152210203623 1.7104550179861187 8.457393120504601E-6
2.27581243069563 11.657526063386069 2.8625340448065213 1.641303750532598 8.618759847698731E-6
2.195076625588502 15.751626355296006 3.296931655549527 1.6076735799428379 8.76515048487114E-6
2.4460434021499835 8.078178690575502 2.3862665521866084 1.692062302881151 8.407106198536907E-6
2.832063362033454 7.108250625521351 1.5796132400339715 1.7700440756008218 8.327718538124122E-6
2.3383142786956794 9.547414512093404 2.7096873529220495 1.6641526545400025 8.658972083718561E-6
2.5072967303074494 15.583966847372741 2.4476496187658823 1.695654104752763 8.665327821125639E-6
2.344595701797104 24.041350083402975 3.007052274246397 1.6386356449449158 8.667003511543688E-6
2.7478597520773107 9.56101542952456 1.7736626765781836 1.7588155957743654 8.422956056693748E-6
2.233662265957749 19.969920767306355 3.0551352851448232 1.6238573900258877 8.822678808315179E-6
2.3440166336639128 20.201136363636664 3.0340103663743423 1.6355718800831733 8.65166491068543E-6
2.204546842869649 15.733930358632138 3.2095766204478684 1.6180146832588373 8.77612388572434E-6
2.087193188162301 16.804211843202634 3.4641637767250133 1.586536719057742 8.794316524927243E-6
1.6782912291189673 16.93575688073405 4.403078062829419 1.4926837769132 9.11156444907133E-6
2.0744044436100704 18.337935779816643 3.4653806917497763 1.5777204156060882 8.848039580873905E-6
2.480434237489009 9.63541909924937 2.2031327896418627 1.7135379413076812 8.613609148276725E-6
1.9017456309368657 14.564893661384417 3.7225143398886686 1.5706680819675853 8.920320924284576E-6
2.0102038712828914 18.286930775646645 3.6463536872483813 1.5732949011753998 8.93653814908217E-6
1.9941926307009255 22.57825271059238 3.740865938758935 1.5578824129751956 9.07242899489795E-6
1.819634935607894 24.89649291075909 4.428334232600545 1.5079830114032935 9.090965609299375E-6
1.8676189587478333 21.395781901584918 4.190493886619701 1.5293148006062387 9.061558287952516E-6
1.9453387388727386 18.943999165971913 3.7631372069321185 1.5604937446499418 8.976843794699866E-6
2.159784431531354 14.45793369474542 3.214027258755964 1.6165199755576727 8.894732341047873E-6
2.1656338031298543 22.743463302752765 3.3218925908332935 1.600596233739324 8.917432162804574E-6
1.6249996931960127 18.57588824020032 4.46095844061366 1.4743348923444788 9.089774752263263E-6
1.747186763875634 14.363665554628813 4.104208007269405 1.5280334813581125 8.926963650952023E-6
3.010785547139384 7.299810258548843 0.9692072526833345 1.8285490600334748 8.173633692666957E-6
2.3639280971209806 4.27609883236031 2.6313071817671982 1.7213467857306228 8.823390261286112E-6
2.0341669913132407 3.391612802335268 3.164104089806448 1.70399783571834 8.797563433428201E-6
2.4915647678069663 4.250752710592123 2.140602232884547 1.7451779956054958 8.613080727068797E-6
2.451985263189769 3.6543223519599457 2.181188572345458 1.7463074097791864 8.564279663513067E-6
2.3353127374278833 3.400629691409495 2.2512479356072945 1.7446845972936205 8.598094290992774E-6
2.6429777346969883 11.369382819015806 2.182881771962741 1.7423162635596305 8.778748021399204E-6
2.659514930130887 8.021880733944998 1.7409172083379199 1.7693839288521886 8.392005719761582E-6
2.6585072122579345 3.511674311926581 1.6199647451923362 1.7882613937274372 8.428475419363336E-6
2.6558188084785 2.6430900750625472 1.515010999991825 1.8024141407040715 8.327947055738563E-6
2.57825052472835 6.101970391993386 2.02056600139376 1.7434345455198434 8.66658539767143E-6
2.507427659674542 4.469947873227653 2.013523041628043 1.7507261338936146 8.555790090345059E-6
2.374128042538403 4.038163052543741 2.274057789272232 1.7343253486513632 8.640748732715813E-6
2.45993176582028 10.09580692243541 2.5367923285485574 1.6984443228043733 8.920560683133942E-6
2.4161552042783647 8.887041284403658 2.4779245872793494 1.6925844791614608 8.893379972059077E-6
2.4572330248894256 8.1516732693912 2.4302771800049334 1.7101015838589955 8.831903269399265E-6
2.447862819975888 4.4753023352793875 2.1064117246818066 1.7395572873879865 8.61531483548371E-6
2.6957902289935842 6.604397414512142 1.7377125427777749 1.7618171964804692 8.615966260501863E-6
2.694203144037249 6.2988511259382705 1.715643489919076 1.7730380416811458 8.339848218137742E-6
2.7046850250450882 6.502981651376133 1.7159802394471129 1.769361742086016 8.35200068667378E-6
2.834546309271814 3.5904013761467675 1.307713594623417 1.8121409938239756 8.342240742274998E-6
2.976731696172456 2.142151793160956 0.9013853396752511 1.8500451626021788 8.15084036947801E-6
3.217119637209946 2.2360685988323636 0.463375957833988 1.885075906342238 8.036304536135695E-6
3.2233356357831555 4.682108006672204 0.5891313621312355 1.8608062931988492 8.091381711426035E-6
3.14594191687771 2.357635529608006 0.6009561227759517 1.87096968960546 8.102660290968167E-6
2.9347144082191874 3.469310884070047 1.0806793199612326 1.8335258482794141 8.248108980707992E-6
3.1755381094626136 2.322770016680567 0.533108282097696 1.880394864421275 8.06256397949289E-6
3.1362895102598443 2.290222060050032 0.5784825004963361 1.8738131128873996 8.077367159337397E-6
3.07700510725366 3.137722060050028 0.8125447355922066 1.856388205160714 8.141895993392367E-6
3.3896001177400974 1.6878482068390355 0.0462749748015141 1.9105559260681457 7.950573988591762E-6
1.3873660288515166 13.103592577147586 5.40205565312117 1.4406006021017548 9.108117709811202E-6
1.6654100414993667 16.52287948290244 4.86441071926372 1.4962465320386833 9.237024132582812E-6
1.518247812115136 15.739370308590425 5.298417390079471 1.4626853622300093 9.091230442784024E-6
1.3697706068244293 16.78849040867388 5.619092092252762 1.4217721414960434 9.313256815524264E-6
1.2456923691818003 13.716403252710574 5.9038278907449895 1.4095573540488604 9.504948688493434E-6
1.1515612027797308 20.697122602168676 6.299603158037032 1.3542391253469444 9.678829168615217E-6
1.52276094445549 14.310241868223477 4.9150281448448405 1.4736333692031827 9.19770450521809E-6
0.9810678229075296 16.138248540450356 6.755249606391668 1.3290269217605037 9.931105657050983E-6
0.955345445820524 13.866665971643002 6.718295722829713 1.334878952739926 9.828168232335858E-6
1.0457128241543985 8.553817764804005 6.053053022493403 1.398634678978302 9.396650226688635E-6
1.053062557168266 19.55596330275251 6.655674382535175 1.3379932439606146 9.65146247982846E-6
0.968369169467267 14.103826105087567 6.623485251449859 1.334193908257187 9.36445883956173E-6
0.7800850005897413 11.514495412844028 7.109554143365824 1.3265359304609228 9.745111828568089E-6
0.7777076341511179 14.539118015012425 7.302066904283438 1.2954265450482114 9.779188736595453E-6
0.90967323654075 15.976578398665488 6.682995760625643 1.3280249488600568 9.778793503287271E-6
0.8836694264367122 10.760065679733108 6.983685112927653 1.402942167593463 1.0601051558150675E-5
1.1285535227475973 11.652979566305223 6.453175799961381 1.4414046734205668 1.0336191377048093E-5
1.0908060746460162 8.811476230191834 6.019703021343498 1.4899939417959673 9.872599314605667E-6
0.998142358603739 8.470479566305215 6.298640149312603 1.4565297851442172 1.0055142451309139E-5
0.8422700566734095 9.148115095913246 6.761260110325483 1.4230411049369387 1.0610952955788177E-5
0.6092232374086239 10.027585487906531 7.568727514545599 1.3549911371159897 1.0789749830560626E-5
0.7194493992595998 11.614307756463749 7.257747428415897 1.3657842781855587 1.073388954909287E-5
1.1733827095262566 13.306549207673102 6.275051255590939 1.4445689966360806 1.0248235732779333E-5
0.886951462305953 9.301561718098421 6.758820474957615 1.4444074382917729 1.050873161778946E-5
0.9895735429974791 11.348185988323559 6.704998602852297 1.4248637200348695 1.0737349772078538E-5
0.7610051973696111 11.066107172643862 7.23441207857514 1.3717102436408806 1.1186471747316842E-5
0.8644821434970048 12.456346955796532 6.856987370580597 1.413509116894697 1.0508295630450655E-5
1.6222403835441388 11.72048582151791 4.632125989902822 1.5093906400525277 9.116784196715115E-6
1.5720215141177474 16.615750625521226 5.003457569177715 1.4831228622088575 9.231359625558669E-6
1.091224224519703 10.2017472894078 6.3994843716012415 1.4425816829095108 1.011552941264936E-5
2.205205023960599 73.58878961634733 4.0937098806760845 1.555863535812895 8.981178204757362E-6
2.384553239615317 57.46989366138402 3.5190458277792374 1.6059317373528579 8.708224320726938E-6
2.114525905703756 68.21913365304512 4.408343482673855 1.5329621544492167 8.993445918912011E-6
2.05042314897625 95.8356526271905 4.650192652721015 1.5065500148305142 9.267251664391901E-6
2.0232832967013055 100.48364053377907 4.8091828218119925 1.498700593679232 9.171978951342706E-6
2.212552730340773 66.49264804003329 4.044710005816639 1.5606178240171074 9.032327128391354E-6
1.8817662834352598 56.40121663886554 4.965970551309384 1.4720570382368983 9.333730172072198E-6
1.601027321289078 95.08038782318663 6.1259459074484255 1.3660350296404091 9.49204240485734E-6
2.0183918550570534 55.70733215179299 4.543303916076795 1.5119402205644155 9.009203476844028E-6
2.0117274082818795 15.84930045871555 4.2103782048009535 1.559144915542608 9.185980421519771E-6
1.5852249545070007 62.10847998331956 6.010103356072484 1.391092115918018 9.51316601625798E-6
2.065213833122095 43.712101751459535 4.237538750206837 1.5346810544825478 8.995903500809658E-6
1.5898427368130355 28.885008340283672 5.429668919430987 1.43168070439339 9.342780270664274E-6
2.0597030268704817 38.81028773978349 4.318377029312057 1.533445125453088 9.002445586197381E-6
1.9741876440512918 51.82616346955766 4.624347391528677 1.5053385879006322 9.073559714808714E-6
1.6419540905375953 60.28601959966598 5.7553428334260515 1.4029609834870167 9.499044198901356E-6
1.8450903724481795 96.04559633027633 5.287038411538251 1.452144162453057 9.442470325645568E-6
1.773603508847487 62.03450479566341 5.3409718924125755 1.4438508025097456 9.442346733050975E-6
2.165153598556945 38.78646267723118 4.054579673735529 1.5651620790271132 8.960684406785493E-6
2.2022489220480206 30.92145120934123 3.8351425048407957 1.578884334789213 8.874369824671135E-6
1.6545571497971059 54.80410550458712 5.55501266536072 1.4081157614687236 9.318789926771885E-6
1.8576759379960521 37.70895746455397 4.915853113931081 1.4832458229357692 9.195007142863858E-6
1.942551893312083 34.693937656380555 4.643054902193884 1.5080510048401237 9.195057572392611E-6
1.899876125331259 56.38054837364456 4.902933282281097 1.4807830839136342 9.187371397274477E-6
2.0992611042121996 43.461164512093475 4.238708583673941 1.5389784041160852 8.962821528113563E-6
1.7162239384370865 41.675872602168646 5.314430894064774 1.4478421961027403 9.739656050326633E-6
1.6131510920205565 42.530717264387 5.618367940263186 1.409345933926194 9.4918418342952E-6
1.8512081562204155 57.02432026688872 5.008950256454177 1.4667709187005926 9.317478955104682E-6
1.9792375145348482 59.19983736447043 4.717446854054901 1.5014348657861047 9.047606327809856E-6
2.144999197406391 52.72087155963316 4.2700006162681765 1.5474408048186479 9.006389281658888E-6
1.5006947097537626 16.727998331943265 4.7821274949890915 1.464735514109115 9.034571332423915E-6
1.3148504583781204 18.57853836530454 5.347212704093467 1.4155622250379767 9.545057561999723E-6
1.1249160251006929 18.418037948290362 5.9715459042323085 1.3606169894412117 9.696417769243516E-6
1.1489519956548926 16.87062760633852 5.820524755427502 1.3644209328706591 9.49176460329545E-6
0.775617661189001 14.153240200166763 6.768812119348512 1.288102685919614 9.891013837550335E-6
1.5322720491975435 20.382112176814232 4.905452231961199 1.458489275691595 9.371099477764597E-6
1.4515008116462342 16.530219974979026 4.916321117462592 1.4569995747098825 9.439866516913211E-6
1.4107558411607908 17.745783986655503 5.049833323506797 1.438733207485397 9.598293204353477E-6
1.3356446375827467 18.347376980817423 5.344295211802159 1.4080725366176003 9.293724617418806E-6
1.228233284309785 17.032470809007453 5.509993081023764 1.4027285638153932 9.289293391367003E-6
1.459454042174689 16.748206839032466 4.929500056056023 1.4605539295351824 9.240162276445184E-6
1.3771970556057886 16.53621976647199 5.086792169470632 1.4383078013520956 9.267221725863567E-6
1.2563937422896725 17.05291701417841 5.330489147776568 1.4132422197333399 9.338633653674966E-6
1.0754164750141904 25.3620433694749 6.173770297352948 1.3074227119251005 1.0039828678620437E-5
1.4079441928558414 14.600195996663745 4.925944676735851 1.4594351724935544 9.571552894717957E-6
1.4600659337005932 13.314027314428598 4.63289836013082 1.4781663122343696 9.515559658436307E-6
1.4280852176880747 7.469881150959161 4.656422651835113 1.5129926752048126 9.185062424905842E-6
1.0307761495757515 15.059808173477856 6.11532220362829 1.3610806127057113 9.868845764950626E-6
1.3660646586151817 19.546687864887534 5.179080956213875 1.432201366325094 9.625678908191167E-6
1.3735423532225957 16.357122602168207 5.240680280554456 1.465451438349379 9.985039639777002E-6
1.1779125225413511 17.25784820683903 5.681709118219088 1.4063361147138538 1.0108659877542535E-5
0.9922205851955144 14.087868015012432 5.984367365294781 1.3759159011645532 1.0219577320897744E-5
1.3222046408608854 19.11905442035039 5.283552263056623 1.4349214772143646 9.938680324399296E-6
1.1868614062996705 25.292041284403965 5.868025171916498 1.352608105272247 9.773177841986318E-6
1.2021185716560092 22.296905754796082 5.833477758676455 1.3805656381970017 1.0030998208433894E-5
0.9322836073077437 24.170901793161324 6.524149558103414 1.299986010308897 1.0560013616082683E-5
1.043699652685816 11.567358215179217 5.753023913044174 1.3881479863699577 1.0007507682536895E-5
1.2156687494750373 26.785437864887502 5.908409585356552 1.361317514955371 1.0056603660311943E-5
1.144957800970919 16.59850291909909 5.743381880658295 1.4120515970352077 1.02683764077103E-5
0.9385905309522601 23.387788782318857 6.541438264381803 1.2925664085705175 1.044218590425689E-5
1.649419086794271 51.75668473728153 5.6524436104856095 1.4059854706564574 9.71740630072669E-6
2.106280086073083 38.46477064220213 4.132271673784506 1.5479960277960583 9.142317899011902E-6
1.8605452236888487 41.25769808173532 4.795815835752394 1.4754931859428393 9.363883643248381E-6
1.7751038566100097 60.51603002502096 5.329570727301281 1.4408583061632292 9.899321871527034E-6
1.8912553456091954 35.51722268557143 4.664911114646455 1.491437497593789 9.37452185723038E-6
1.512721988368122 54.41452043369519 6.039145227240284 1.3658667757388585 9.588447256049295E-6
1.5541572451529055 34.193588407005876 5.660403298047646 1.4048339364327092 9.575796936903705E-6
1.287301342849672 39.33780650542126 6.566014468776549 1.316067534572014 9.803172169670564E-6
0.9591895903384573 28.39555045871581 7.534704454089283 1.238549073402556 1.0312745648953225E-5
1.491018212976862 71.18175562969253 6.266185242830455 1.345061677381475 9.770643975351866E-6
1.312063740392197 56.73131567973341 6.7035122522032715 1.2981816319529818 9.763326584028519E-6
1.8414956048175048 47.469652835696486 4.879771285234385 1.4676811645905798 9.291975808552495E-6
1.846555547931393 43.65176918265237 4.830610747796546 1.4726413269566399 9.265957706571901E-6
1.8487146444748714 48.250032318598976 4.945908878689943 1.464724472930137 9.539213860278642E-6
1.6453053327122755 55.34632819015823 5.6531158698899135 1.4014608570199876 9.72654250960492E-6
1.8442496898027727 48.85343515429548 4.927977578976732 1.4641267214209917 9.586544478229609E-6
1.5905327268413445 61.01186822351958 5.810374093249955 1.3778911033503423 9.900580646321673E-6
1.7750840271135735 60.42711321934979 5.300759400467824 1.4358572936359746 9.715467734796815E-6
1.459282831667675 91.15211113427928 6.5085380133891295 1.3230697074871107 9.857334428782384E-6
1.1221323901378275 36.494753961634885 6.737230467619357 1.2551179610198693 9.490672564808014E-6
1.3817073674856148 65.09751459549594 6.507057645369378 1.3075394903366695 9.68049519664224E-6
1.6592152925396635 31.351167639699923 5.264331710085599 1.4321002951929147 9.590832978022727E-6
1.4211018771773472 29.703324645538114 5.721319857044788 1.3682370833055435 9.563532795129413E-6
1.6418334227212557 66.86970809007485 5.796732564850762 1.3933420740586744 9.585152034536764E-6
1.316019544136595 91.50816305254496 6.830476028409628 1.268688875626332 1.0041987761586446E-5
0.9401291070679556 70.39401793161039 8.061817670410779 1.1482575507012172 1.0189758607570386E-5
1.2231921604953757 66.11948290241922 7.136532333806514 1.262193886069058 1.0269452129836433E-5
1.3196156022825745 77.01500312760726 6.931434818325204 1.2840486822304824 1.0146840682547143E-5
1.306070032759872 27.32172018348652 6.202182790060257 1.3718892385020725 9.631440424002098E-6
0.9868410335272749 20.432120517097687 6.839864629361616 1.2967030148329142 9.581167146939182E-6
1.6978613941162874 271.23006672227166 5.973035404708769 1.368919226505865 1.037104174054247E-5
1.7795560354520306 153.43300250208642 5.327586417176144 1.4182540701614694 1.0409208909309524E-5
1.5404516657883953 41.04739366138523 5.87341979998425 1.3832777112953534 1.0121774460268573E-5
1.500552291099895 104.87323811509806 6.209017033054308 1.3389065819796924 1.079286631211797E-5
1.2174112209567147 72.70976855713143 7.271671912633943 1.2576522376275405 1.0514063320853145E-5
1.1637528580394092 123.80247289408028 7.677490123730474 1.2135648107188897 1.0953059022493253E-5
1.2766915172291593 108.41534716430581 7.204908073538989 1.2632261336111599 1.0584397701680726E-5
1.2919086686425638 43.78945371142644 6.65181973728391 1.310649711064542 1.0292060929186518E-5
1.4027273288320263 123.63920350292089 6.8598391707750705 1.296598601035896 1.0588162283886583E-5
1.2331023547361848 96.41035446205369 7.383607472729163 1.2504397186013791 1.0504296422988185E-5
1.343392587107793 74.74567556296999 6.857976616150713 1.30028188193935 1.0577386702766988E-5
0.9405514269709353 110.13513344453841 8.522098113414982 1.1291186089831804 1.0732559914262902E-5
1.0053043885014428 62.01497914929089 7.80570510959576 1.1933437739815191 1.0676491940601276E-5
1.061699098776908 99.36148769808374 7.764411328997801 1.2046511703184375 1.1644877352298929E-5
1.0288634724208074 69.21221643035946 7.850148329181422 1.2111931814778427 1.1373776978904145E-5
1.0321200472452672 114.00410550458885 8.158348137370297 1.1726811506361083 1.1570424397321679E-5
1.0494536074123013 81.27743432026806 7.892216207909297 1.2064881954647266 1.1030933298492186E-5
1.5361235761402594 79.41922122602317 6.151121431644037 1.3643796667071533 1.0456898472773356E-5
1.3679511771846817 121.87947247706731 6.844604679592114 1.2952198566748232 1.1078672134751573E-5
1.0569799867958192 196.8857130942447 8.302312433248623 1.163793553129251 1.1449782749421852E-5
1.209090545184412 83.69896684737368 7.3508575631696225 1.2544873911758208 1.0785755269425503E-5
1.1657155443339284 94.43025437865101 7.500462561864752 1.2343423303525376 1.1063068686539557E-5
1.5277327190810195 95.33347372810833 6.310919421862426 1.3557486941345813 1.0605241817718362E-5
1.5218236497416093 85.76382402001838 6.127828610043372 1.3651198503252528 1.0568000498288849E-5
1.2423325060535964 59.73843723936618 6.858487710125675 1.2872415125216448 1.0603376360366856E-5
1.229216906767007 127.03200062552439 7.247412801612868 1.2345605983009362 1.1479536301810701E-5
1.0337926164546445 178.7408548790675 8.384835655361565 1.151108814650345 1.17836332200139E-5
1.2013273413186498 124.4923801084259 7.3516453321666315 1.239805970011512 1.1584855119636545E-5
1.3695025822424838 185.3481599249372 6.943195728733789 1.2737626086117766 1.1359362886360632E-5
1.0850137136179914 111.27056818182146 7.84098904969777 1.2034664163998812 1.156064165995494E-5
1.8885692836184858 17.700235613010864 4.302088784680945 1.5429995400027428 9.03607413150634E-6
1.6288838743346337 20.77865200166857 5.030720323827756 1.4749980294007865 9.553344040404389E-6
1.5989183791967054 20.26280442035053 5.046409032794922 1.4753844084482355 9.404047880288198E-6
1.4191649649974594 22.30438907422874 5.594929438000862 1.4044418589746388 9.401204033476357E-6
1.6152126246722187 17.468978315262927 4.922471659035788 1.4797849960283447 9.356622294151147E-6
1.2331122588136851 22.81644286905776 6.15820677294043 1.3463255749181482 9.476768522061753E-6
1.3367176290526719 19.180558798999172 6.035440886288255 1.3877063005731038 9.324898272881028E-6
1.4083281589470713 18.216486655546284 5.65382582200297 1.4118067902970317 9.141999890166557E-6
1.0551118510597255 30.02980817347819 6.816574933353372 1.2854627421741154 1.0012860020324292E-5
1.4110903542451103 29.412406171809998 5.726706540147828 1.3945049746009854 9.305001301068082E-6
1.288248781879608 32.22329649708113 6.329627127767164 1.336225674107127 9.38509534656513E-6
1.0321970374532599 16.16992285237694 6.530469294882525 1.3468279819652902 9.485381611355485E-6
1.3444432563982678 20.662339449541374 5.81244096579076 1.3985647484056092 9.290461633568924E-6
1.4349115924072466 14.909251459549541 5.296791502300362 1.4530618232929546 9.423319882578163E-6
1.068924286859345 20.497612593828332 6.6287822688847005 1.330091072059151 9.742883269131888E-6
1.152504591781182 23.39615304420366 6.410131280809555 1.3449513162478661 9.707393330372037E-6
1.201522758480317 18.19461426188495 6.186894598245705 1.372822220991552 9.532441508035782E-6
1.1660918563194644 39.218715596330206 6.912331946138658 1.282288217869682 1.0068256401769153E-5
1.0215602374524468 37.288386155129245 7.344903572450827 1.2552021439040906 1.0262317861374369E-5
1.0855460238896915 26.48881776480414 6.723118243658888 1.3060691329890202 9.746030482039982E-6
1.1790534588944752 20.37199541284424 6.292531863512185 1.3458569619054213 9.682646608404696E-6
0.9357643750367363 66.79085279399537 8.084068682192067 1.1612228579486532 1.027779358221862E-5
1.0201031220382515 30.87799416180167 7.139943685994979 1.2634618396410964 1.0238388542841707E-5
0.9912198773148156 37.72752919099279 7.3182688985111 1.236403941990563 9.676658872708732E-6
1.0383085328569956 50.05924103419504 7.540699239373129 1.234959382359252 1.0248426824329897E-5
1.1761477819411692 40.459797748123826 6.819029982999067 1.2846846011380935 9.67592648678493E-6
1.187342744706503 27.06582360300265 6.540653693549205 1.325327933935837 9.561093290178656E-6
1.1334940062184111 27.25210592160147 6.707063643419389 1.3136336762839314 9.851259317306148E-6
1.1696734100709492 34.99606338615537 6.782977615688229 1.2985535677724391 9.810907110360895E-6
1.263224528610294 44.373275646372214 6.685059263008753 1.307076170577186 9.858599954083624E-6
3.745599344949829 4.284927022518761 -0.6139528535015162 1.9497844669013675 7.779743941972825E-6
3.69161487562276 3.198158882401982 -0.49426009494009315 1.9415265621183353 7.791752621403962E-6
3.7121426093252534 3.5386801501250815 -0.5376965533402924 1.9442862940262253 7.80331542387864E-6
3.7238421337798613 3.002270642201818 -0.5816208529713621 1.947876444726591 7.792773168786987E-6
3.646669491631044 3.2839616346955802 -0.3544147210741202 1.9327618326375349 7.836486926987328E-6
3.651676807509416 3.5262176814011545 -0.37089591034083025 1.9339366638846043 7.82973379392324E-6
3.7236985010373838 2.7101668056713826 -0.569167389029232 1.9466010359959656 7.782864088014234E-6
3.6230005084387336 3.5420829858215015 -0.2981777932949988 1.925034292887926 7.840517646484862E-6
3.606974623038986 3.2328002502085003 -0.26214741177592704 1.9232905389992163 7.840329845377461E-6
3.6161561082963694 2.5625187656380257 -0.3048485978592227 1.9295191735703274 7.838651549964467E-6
3.70281407700822 3.0798561301084177 -0.5109319282580961 1.9416351112644938 7.790903408663058E-6
3.7487268430922422 5.3704712260216905 -0.614090769864009 1.9482230629217732 7.789088381551748E-6
3.6715637994989136 2.125546288573806 -0.45414599057378335 1.9395799277871428 7.80643075076554E-6
3.6939315264887256 3.1304691409507814 -0.49988252790233223 1.941341291153715 7.798800632578456E-6
3.6458459716509704 3.613392410341953 -0.36675851251567604 1.9303752472425753 7.810307504117276E-6
3.6929581351941745 3.8423457047539413 -0.4797590146016484 1.9380444241391148 7.796601240622242E-6
3.7360779943477667 3.2664970809007374 -0.6045311384441927 1.9484792886042044 7.779354276904374E-6
3.7062077904895903 2.713821934945779 -0.5196925275317298 1.9420378311771611 7.792693429681698E-6
3.741525388763989 3.4422226855712905 -0.6090684824212236 1.948181169012884 7.781194967038904E-6
3.7145574507053114 2.540819432860716 -0.5526280819956584 1.944434246160734 7.78898608155753E-6
3.750775298639887 2.7408611342785574 -0.6521469421898196 1.9511571849811364 7.769584518961805E-6
3.699656490784713 2.54658673894913 -0.512656837522525 1.9398037669650516 7.792396364322412E-6
3.743816563086263 2.7153106755629555 -0.6284955313881897 1.9486499732952471 7.78081357781229E-6
3.6671983264137826 3.4247226855712936 -0.40359712699957595 1.9311014824674388 7.81610087326039E-6
3.7332401604962233 3.7051105087572855 -0.5754179306344958 1.9453935446636497 7.79239109193399E-6
3.703061096470896 3.5545850708924025 -0.507665190739607 1.939543963145668 7.806758158251258E-6
3.67022000709211 2.771178065054217 -0.428282473357825 1.9353949011067817 7.810918255883531E-6
3.7234262967914953 3.4590867389490985 -0.5542173846066433 1.943742185766239 7.790554177212698E-6
3.6816745475687447 3.816476230191818 -0.4440504358994313 1.9362715618434423 7.817529895379926E-6
3.6557090632061464 2.89882610508755 -0.3719484648081941 1.9315611469876404 7.82143053764438E-6
1.9605922024929683 5.725823603002502 3.377168317974109 1.641235748858588 9.20128155263797E-6
1.2599556397629847 5.3867014178482115 4.784486582438563 1.5282056802836022 9.601177083220507E-6
1.1776747616254442 10.263792743953267 6.045532098768911 1.398407136062694 9.247994263209836E-6
1.1465070731356442 6.586048790658936 5.49842878081441 1.4648445116266247 9.629306516877052E-6
0.9365313917384109 4.657543786488747 5.5476267522375675 1.4586559298173072 9.40946941615379E-6
1.1524847348969958 5.2694787322769105 4.983194768282015 1.4877587551370188 9.410712571442058E-6
1.1409058824307172 5.328628023352823 5.170333993131507 1.486110538586182 9.448919978456525E-6
1.0416336739579515 5.706303169307768 5.270958790988708 1.461112614191865 9.609739712600508E-6
1.2041912967788873 6.259278565471245 4.963448065004483 1.4723334331141915 9.525536176344142E-6
1.2642497978973524 5.76732693911598 4.749483229233759 1.5034449358478452 9.539785978970684E-6
1.1753092003986807 8.886334445371142 5.305392696104338 1.4207784830684493 9.440033715547809E-6
1.2331201499652242 10.445083402835692 5.2061638135261346 1.4250795988463505 9.878306939785054E-6
1.3569076451883861 8.665619266054996 4.9271715072115025 1.4715991641554094 9.528269586541427E-6
1.2123376413862617 9.75575479566304 5.070782113716722 1.4210577858645426 9.615992877533007E-6
1.114909307754725 10.113611342785612 5.643079287301985 1.3923719893894928 9.72215784962029E-6
0.9736236953818812 7.953131776480425 5.9268272004243965 1.3836355183260323 9.618724942697559E-6
1.118844334645879 8.441932860717339 5.4210467339118225 1.414209168175094 9.563202122649123E-6
1.1298872588115116 9.530550458715599 5.4444166436404915 1.4064966822144045 9.412680292802333E-6
1.269274750783815 10.065026063386131 4.96036060663321 1.4355576155648484 9.619129178359277E-6
1.211513462075882 8.776903669724762 5.049697694158208 1.434438583067786 9.51524849086527E-6
1.095931980560627 6.827491659716484 5.220538994435375 1.4263231300239432 9.416512955928951E-6
1.3407712595736752 5.151007089241027 4.798538007875957 1.5488279627812582 9.437540581349806E-6
1.2093869356162845 6.866797331109306 5.209238298478005 1.483281905010989 9.74252169102137E-6
1.3235118587184265 6.342821100917487 5.019603603136232 1.521070525625314 9.655410661834463E-6
1.236496131587016 7.132191409507962 4.978125919809496 1.5061687549493195 1.0016545706424796E-5
1.4542181552417879 7.422433277731482 4.888911115010078 1.5112851750938223 9.283916821270486E-6
1.130174295778827 7.447160133444606 5.613574085971947 1.450788697471882 9.745913384852716E-6
1.4060572564934137 5.190475396163444 4.332753229287443 1.582459607692575 9.610560628838398E-6
1.1991349235087438 5.5262552126773015 5.165043443345225 1.5046702565919947 9.707047364481735E-6
1.2345792456212643 5.760946622185179 5.1147314024412 1.5185314807248775 9.656859079477725E-6
0.8138135338083421 2.278559216013349 5.440082249158569 1.570569360117657 9.69733209891197E-6
0.5309399702970872 2.822731442869061 6.461531043851186 1.489758141917331 9.619866504872783E-6
0.7662821856945834 3.090329441200994 6.259428610361628 1.5007846099856503 9.367928109600648E-6
0.7636419475320778 1.5648644703919998 5.490561442992407 1.6087589278757024 9.168192588662528E-6
0.742538771475339 3.076292743953293 5.785279248835176 1.5057325684487823 9.470132423253761E-6
0.8267120992460921 1.6853648874061757 5.180375168945027 1.617489603131661 9.286931645824996E-6
0.834607760461265 1.7453002502085164 5.217640493211398 1.6115182288095997 9.353975175783716E-6
0.9436104149856254 1.7825417014178573 5.059359356286631 1.6197855306523927 9.266526501104075E-6
0.9080748094525186 1.4861926605504667 4.904305151462759 1.6375008679168168 9.222814648852134E-6
0.7750906487184422 2.2260446205171016 5.84577950252143 1.5616574971815784 9.272125264807636E-6
0.9294551899674137 1.863411175979996 5.060117036823249 1.6060305281759972 9.268489211566327E-6
0.5747052977337549 1.6745537948290286 5.572164513456978 1.5797373529141812 9.430779885776394E-6
0.8588164904946243 1.8937948290241924 5.46913453037257 1.5984601138263748 9.137409629105213E-6
0.8881099218675549 2.0941659716430427 5.284067286481147 1.583943368309804 9.346218801411183E-6
0.8943264979746424 2.1570204336947483 5.354607755202737 1.5815165360101646 9.185413309744784E-6
0.6713927586153076 2.5634695579649733 6.084273536615799 1.5141684333518697 9.185540788145057E-6
0.712727432823633 1.8882214345287796 5.582449390635904 1.5977621183153765 9.415150587292863E-6
0.6239787504843138 2.0632402001668058 6.437050198336534 1.5759365952074844 9.362380453637134E-6
0.6306830082835267 1.8629295246038426 6.0088181522982955 1.5618830702701771 9.415920936452552E-6
0.7853155615761953 2.1157318598832404 5.46956856943871 1.5836902412187102 9.546598067786372E-6
0.7786217426397346 2.4471163469557946 5.714960117250983 1.5364863773234336 9.182967444745867E-6
0.8757863280442991 2.889920767306093 5.56253113093524 1.5388050240144655 9.667703737942399E-6
0.9303688427445705 1.726205170975823 5.160548174970992 1.6254209154975174 9.118047145940221E-6
1.015161993174197 7.959776897414555 6.107636711347532 1.3932289483663345 9.711563894062652E-6
0.8874647659244899 2.0728565471226057 5.207695202722516 1.591897979084415 9.238949191666196E-6
0.79402347812595 1.6539574645538002 5.171122804745988 1.614229146138181 9.426980696573008E-6
1.0436569916853884 1.828496663886575 4.809805518272587 1.642919304423393 9.121120089097952E-6
0.7264513846706466 2.1667264386989182 5.986912744778704 1.5487205072318502 9.805333930713278E-6
0.9411978382361265 2.077351959966647 5.102613534970454 1.6135365303624034 9.472803277877078E-6
0.9805330584283731 2.3165679733111006 5.433561914339973 1.5846995656519258 9.463822698547656E-6
2.439865001080794 11.470198081734763 2.7013111549820854 1.67426069317882 8.590737520682627E-6
2.4389516126796265 9.35047122602169 2.432585603054833 1.688708586738916 8.525907336685034E-6
2.3870642329434597 10.531830692243533 2.7439315089856793 1.670216446133006 8.642853829836465E-6
2.5769100544707384 15.655216847372687 2.2995566621613586 1.6942170860242958 8.521719312339922E-6
2.31246951407512 18.942829441201223 3.0724663028599846 1.6211264090535389 8.669131962178723E-6
2.4282556066060743 11.235410758965784 2.557452712655089 1.6751091868889607 8.822974768641771E-6
2.3717898604080685 13.27332360300242 2.858710832832902 1.649732464386475 8.726841198686482E-6
2.307643992238415 17.34399082568812 3.141590817316856 1.6238042058679383 8.748761291700168E-6
2.4881512098383656 12.701592994161668 2.505992639072471 1.6818830031440501 8.593834799327105E-6
2.539829672712452 14.597351959966565 2.4478607887310093 1.6868676515115353 8.596780596814486E-6
2.714496630996492 8.449351542952511 1.9411495883178351 1.7402425331995246 8.334416295841224E-6
2.702162000626391 8.918992910758925 1.8936412137537446 1.7402100486810763 8.364986165290889E-6
2.546120215301394 8.666830692243568 2.2348311878847205 1.7084432276327095 8.357786385304152E-6
2.7909680564047106 11.336818181818137 1.79563799882394 1.7499404993625982 8.420719549479286E-6
2.5669717827738716 14.269772727272736 2.327756677210203 1.697121595070844 8.554655958602147E-6
2.285548173852219 16.635204336947425 3.029326126069331 1.6217309178596022 8.813134725283069E-6
2.453601503156343 16.7358381984988 2.7599015912636835 1.6607328466277422 8.681030084353938E-6
2.256110509302912 23.85223728106781 3.4505816769197004 1.595687375113057 8.919846135305798E-6
2.406578478773513 17.48494995829869 2.879425337507532 1.6447129108615806 8.709475857293188E-6
2.229089296600943 16.225932026689 3.231885973559239 1.6112506685976062 8.793975206739469E-6
2.5207794114634163 16.651847372810597 2.4277036058895147 1.6835096953537356 8.660741574857987E-6
2.2725868958256017 17.981620100083607 3.05871600044388 1.619182138318099 8.825812615500786E-6
2.560322425087438 8.92278356964134 2.2293728363314083 1.716755539849929 8.519446443788961E-6
2.5268237648971055 16.05977898248532 2.4056450748478637 1.6804311877355604 8.610689236326269E-6
2.553191143511395 16.140683903252523 2.4328352537835563 1.6919302634093771 8.597039234701103E-6
2.3560302738696706 17.54742076730616 2.8679046666303556 1.6366987562609512 8.584675994246497E-6
2.552584901199442 10.72379899916596 2.3077310221309286 1.7069711857496213 8.501969922894559E-6
2.4128286174099673 13.22430775646367 2.6412789361018456 1.6629756891358187 8.615606009955426E-6
2.3693380572380223 10.043295454545488 2.6615631291127113 1.6691726279779449 8.702516789377841E-6
2.671545888255199 10.766720183486303 2.086431309650422 1.7266797095514959 8.384096397975822E-6
2.970480710757996 6.154201417848228 1.1826008980837952 1.8094665271879473 8.256535852785257E-6
2.9119937951951944 6.7757214345287995 1.3877015121000236 1.7965684800373474 8.312947262136717E-6
3.0042418686283825 8.744447456213496 1.2799778165782119 1.8028169197923727 8.208726743564594E-6
3.0706520717093317 8.560358632193509 1.1235470729078214 1.8179668750246167 8.235158589159274E-6
2.891519789303065 8.576553377814855 1.5818445553920708 1.7778712300985935 8.228125721666825E-6
3.0278261211766595 8.156822351960013 1.1815617149249928 1.811315765659897 8.317732606823656E-6
2.9557574593976352 7.861369891576405 1.3653425535236545 1.7949036831954486 8.244087870902755E-6
3.022631719181166 7.682087155963367 1.216375098118018 1.8071192600016395 8.181380916193509E-6
2.9402731873740957 9.176132193494542 1.450846530711147 1.7898408211191377 8.363517537924675E-6
2.957383517819465 8.574885321100965 1.375250023736271 1.7944099339828277 8.347975134790191E-6
3.016607373708004 9.700319015846508 1.2879800810485915 1.8019042143162636 8.301849852070679E-6
3.011175561967037 9.372055879899941 1.3111940465697098 1.801819238643474 8.336885184259438E-6
3.064104771516923 8.051622185154294 1.1265666388570916 1.8160626975213547 8.154672202705344E-6
3.1357205902174434 8.325652627189319 0.872812348395511 1.8287550157990764 8.098378469472402E-6
3.0631022426663415 7.164662218515493 1.1020954270630314 1.8200799543540014 8.17494156826035E-6
3.044002479438292 9.983386155129232 1.2083233635963206 1.8062454233816725 8.226697302749618E-6
3.0077023761227255 10.48456422018337 1.2567919646032577 1.7992698943295289 8.194976304091164E-6
3.0056442830304833 10.081332360300202 1.3575628319720114 1.799470246657355 8.21960512221673E-6
3.138880905553549 7.615884070058393 0.9302960635667024 1.8307401066604898 8.165922227613448E-6
3.0092926657055314 7.00812552126778 1.241526131533143 1.8103011202242403 8.208155135934255E-6
2.89565330566285 8.389049207673125 1.5128720622750413 1.7819670417385933 8.298986148249402E-6
3.041520736281638 7.4942743953294775 1.1413847344837567 1.8124341181747368 8.217734557644036E-6
3.0421100922914506 7.749355713094267 1.1425902264894077 1.8119166935115172 8.215815017510109E-6
2.984637038079737 8.489991659716484 1.3080192345551125 1.802743786186603 8.314473353055842E-6
2.7108885976500523 6.779304628857421 1.9037627596992115 1.7604090450383258 8.465240140320728E-6
2.832507467265561 6.879022101751496 1.5930691697617465 1.7801059336445377 8.332836577463043E-6
2.883289575196586 7.436718098415378 1.5044117312526262 1.7872187745741523 8.233107376433544E-6
2.86184163813099 6.925665137614721 1.5188130103839257 1.7855014433556768 8.262082695232789E-6
2.855809860097438 7.281540867389543 1.5757956375720765 1.7799532422944586 8.249632855537043E-6
3.1949923431787353 4.36445371142617 0.6557853223632142 1.8656478998141366 8.106322150967887E-6
1.296735474741753 19.478698915763346 5.2837461437671305 1.4047518745458338 9.719626433300679E-6
0.959122034286091 25.145231442869097 6.568375512522475 1.2772616770177525 1.0050451597330906E-5
1.1445045211285374 36.53500625521274 6.204859719431556 1.3000630252576424 9.642734893962884E-6
1.4569368795294644 23.101905754795943 4.909405427142048 1.4424866680985013 9.583075320026017E-6
1.1672758976472566 27.88290241868255 6.117371036069719 1.336547307114069 9.732175705812907E-6
1.2616498059005938 19.998592577147704 5.553909915946816 1.3807702743307315 9.33403724692635E-6
1.241771710484385 15.878492493744744 5.399342898187854 1.4063898306881084 9.377949706785012E-6
1.183115459832257 20.453181818181857 5.534457467881447 1.3714430193460942 9.666295157935333E-6
1.3746058079250822 23.580158465388006 5.073140233163869 1.4090987197174842 9.537178768684518E-6
1.3369190148118286 21.945437864887595 5.1047140321670605 1.4125685294068773 9.465137876654645E-6
1.2653691450494176 19.137625104253587 5.245649945535564 1.407286140283095 9.66263820955578E-6
1.6064840062688426 18.677022518765668 4.35087857667706 1.4882935728083329 9.407566872028549E-6
1.2367402715476603 20.335683903252853 5.309420907921602 1.3856640018570678 9.598597520364008E-6
1.0330604597243298 24.32568181818197 6.451689457457852 1.3000492656154914 9.682585563510486E-6
1.1483133358488815 32.248719766472306 6.166786144970658 1.321516733709599 9.797339028922421E-6
1.4364039839570406 27.201201000834413 5.118326803719353 1.4132958055026428 9.371517007862234E-6
1.2490009515684681 18.116993327773148 5.39435165606622 1.3994344515673118 9.40499985523748E-6
0.998206480513152 31.500116763970315 6.250767862767074 1.2772046557843078 9.791384376122692E-6
1.2123373673326912 25.488138031693353 5.660693364469226 1.3444873258027337 9.514927039595141E-6
1.7113003685795383 25.825127189324533 4.417731542320052 1.4878719040839967 9.262627324221477E-6
1.2400827584206475 26.90316930775671 5.6221389579137195 1.350832304158845 9.49707493878338E-6
1.4893319907365423 29.88393244370328 4.991006546203373 1.4117463041304372 9.325903196496522E-6
0.8689671376257869 26.573444537114533 6.818637522608891 1.2205757394741967 9.85548330360528E-6
1.019831875728862 25.78100291909962 6.195618171791593 1.3065027725941025 1.0070035567503844E-5
2.3922844178165565 15.28375104253537 2.545461156463183 1.7427191949680263 8.850383811929923E-6
1.7305346834859348 19.6018223519598 4.0709222075799945 1.646337379031558 9.616771484090686E-6
1.5143753890889669 17.832810675562797 4.932000382692151 1.521790651355115 1.0036144906302132E-5
2.1644163950969797 19.808129691409277 3.074862439925167 1.7096280649981295 9.232777197343892E-6
1.5313078277625147 18.468713511259203 4.609239253724732 1.6155247647290596 9.962451888785831E-6
2.0589027202806105 17.51385529607999 3.1799860764623973 1.6970576054877826 9.100650232910573E-6
1.361830748035812 1.4962906588824005 3.6425766716087913 1.7483974305655035 9.29959018406269E-6
0.9990121601885494 1.8163198498748938 4.350807735736901 1.7078125482846256 9.64227778705099E-6
1.0322415652660017 1.7932881567973276 4.70647640429987 1.6659908356002557 9.16067026533123E-6
0.9531862783825711 1.516640950792324 4.556898161314562 1.7138214336627962 9.597413753846082E-6
1.2051595109437094 2.3691513761467915 4.3558929174463685 1.6749886492481494 9.78934890521918E-6
1.0427842452906353 2.6521788990825588 4.905395575453486 1.653948462320548 1.0101960101393886E-5
1.2232549906944583 2.3306317764803905 4.259993900528389 1.6844170652302894 9.657390777557344E-6
1.3633026164237765 2.197472894078396 4.054490627557189 1.7104352999166164 9.500329444965402E-6
1.3830884476268974 2.4045683903252737 4.040520662101165 1.697536149800421 9.624736372573737E-6
1.1902184783587595 2.4209424520433673 4.058086335223858 1.6868163459752856 9.803525635309185E-6
0.9934599637466776 2.360398248540444 4.9574415045645654 1.6102419588735866 9.282278760118248E-6
1.1462296705582553 2.1480108423686337 4.6393759444348195 1.6516657498179335 9.286542294624219E-6
1.4033309565369232 2.253002502085066 4.145727954097017 1.6685800070888401 9.026020225759325E-6
1.3831684254211747 3.155145954962447 4.267388940665267 1.634450804128487 9.535865056317846E-6
1.1899458464983503 1.7648540450375336 4.20758060906623 1.674277407171913 9.163075308772565E-6
1.0942032830492217 2.0742201834862364 4.650976904464891 1.6367860718144733 9.162902827407345E-6
1.0378797022685278 2.409908256880734 4.712456825014612 1.6224713626910905 9.223713128792308E-6
1.1304355342315948 1.549839449541291 4.545706282060322 1.6659239872107197 8.832367288117268E-6
0.9334570072451648 1.9812948290241919 5.000026741090218 1.6078667914267275 9.030849314180135E-6
1.3611734429322269 1.5726313594662227 3.865945852174077 1.7132725592301141 8.8591702143996E-6
0.8972179813637877 1.9987072560467105 4.983864380789239 1.618568040323498 9.129196483189367E-6
1.1287001245466841 1.4272414512093403 4.190687617975331 1.7013405934124346 8.66959191127874E-6
1.2885303094671698 2.559372393661384 4.280239160165409 1.6478980296319463 9.224244194460417E-6
1.4363709958052513 1.6393744787322782 3.9464818515144326 1.694531486273995 8.658235881519254E-6
0.9698841442950138 1.2280963302752308 4.4484547732060165 1.696152485529218 8.726568372017219E-6
1.0227862627646465 2.6198436196830692 4.846664796612358 1.5995658736077134 9.236584386299044E-6
1.1370122548737445 2.6375542118432023 4.397769481520725 1.638787899326923 9.638047989664715E-6
0.9269266310055128 1.7205254378648904 4.587445825149892 1.658586739683043 9.11581106562559E-6
1.184718017794924 1.9186738949124336 4.311912541337674 1.6811831736723528 9.435088380974797E-6
1.0704979256462896 1.9212135112593793 4.5038887577079025 1.6655638809849473 9.281228950490053E-6
2.388272545836562 6.410335696413685 2.4655680808034197 1.6995966752906126 8.535739794848515E-6
2.2578668586182165 8.998227689741432 2.9797857158907015 1.6507382286379266 8.756349418760587E-6
2.12485183224083 7.1301949541285135 2.949014252194913 1.6491310308711782 9.005826086612513E-6
2.1449944115334114 4.680202251876553 2.9776805200854666 1.6783888277176144 8.804679556224674E-6
1.9693881232513184 5.402387406171834 3.294922041546974 1.6379416086637484 8.991639808320664E-6
2.2296724997398014 5.307074645537938 2.672248205922976 1.68485701958755 8.706570763568586E-6
1.894706700183044 4.87157631359465 3.5020300624941756 1.6349771152698356 8.997574851739725E-6
1.69668592765504 6.752777314428708 3.9518720014246496 1.5775902891224938 9.29699603422406E-6
1.9179231770096066 5.214149291075912 3.417249365718628 1.6285065563907783 8.79873967164801E-6
2.413484041207148 7.836513761467935 2.4040859471636664 1.7005027365764889 8.681066148963943E-6
2.4764899273767327 6.478325688073409 2.3629610612113368 1.7286632481988626 8.569714762699933E-6
2.250632748137131 8.307704336947463 2.860837942668514 1.6673404610568743 8.750636400467937E-6
2.2031496659805336 7.473590492076734 3.0081560145965813 1.6622708739063285 8.654543414612488E-6
2.444618231829342 8.58625938281904 2.4450875632449733 1.7020477160024152 8.460112654663722E-6
2.219747080754565 14.850170975813086 3.1140558259438413 1.6202461617346493 8.752836417887774E-6
2.0495544521170816 13.25803169307747 3.4543049243136847 1.583288160204406 8.882120343413009E-6
2.1315978744982527 8.860704753961613 3.050173243693112 1.6474727507642764 8.840527183785541E-6
2.4925699436139617 9.984458924103425 2.409630446469441 1.7058089431623402 8.602384284870704E-6
2.1667780050486454 17.076144703919926 3.2586068942037327 1.6013126613629782 8.806427857593567E-6
2.388304607117061 12.12684633027512 2.688235544464854 1.6657272059978327 8.593397067337801E-6
2.2676545242141897 13.872610508757287 3.0068870625072193 1.6339947659000846 8.637601138866338E-6
2.250443832439316 17.939368223519548 3.1063131269828155 1.616450477410037 8.64798017001633E-6
2.299526805710629 4.340068807339441 2.487483251042605 1.7348488258106487 8.606448467661999E-6
2.086071508433907 6.712162218515446 3.2935224363582267 1.6519766209887052 8.838733523481814E-6
2.052179138983105 7.152689741451235 3.367790961629474 1.6375848447142791 8.852706618591276E-6
2.1242763122751898 6.883415346121778 3.0686439631468194 1.665302314969394 8.833219890919443E-6
2.066724321225952 4.932575062552125 3.0098128192944413 1.69062014280287 8.811019302403244E-6
2.259274444682495 5.644904086738969 2.6916107192601544 1.7090009783409124 8.7387585367098E-6
2.0288038481921227 7.890938281901631 3.383884422511796 1.6486503153802454 9.081614454478848E-6
2.19412271633817 6.316318807339478 2.928274309328998 1.6920118357255407 8.759942678313272E-6
2.3293055671197185 12.445421184320155 2.9512550808909275 1.6542947271591697 8.574556672311816E-6
1.9936605497598514 22.288523769808297 3.907339634856043 1.5464521425380744 8.832554085487117E-6
1.8595158225002537 18.61685779816523 4.240055728041577 1.5240367602357687 8.788460197801617E-6
1.9221923517237878 17.35308381984991 4.015716611750901 1.5437760013308288 8.683799292953745E-6
1.9715020528791325 24.216115512927615 4.12158151580691 1.5368490148726843 8.658417407558893E-6
2.0876960241309788 21.1819015846541 3.69320066326024 1.5662360002847342 8.600400173172433E-6
1.8255727352265165 21.505688073394666 4.452402647168933 1.5126256516294299 8.87833149600805E-6
1.8389235494372436 29.180996663886653 4.426386225408558 1.4882061657577974 8.968686717705781E-6
1.8954070026242937 23.220425354462193 4.352367487155356 1.5165483635732506 8.621309461491984E-6
2.150424271462601 28.494207673061126 3.5757150400492708 1.5733676197695943 8.658835230922122E-6
2.1086434183673224 23.6180754795665 3.65880346582337 1.572801843570783 8.76215378964452E-6
1.9738681637917312 32.58710383653069 4.210710428505783 1.5194192317671933 8.694393366978668E-6
1.9698733371309651 22.029891576313673 4.031449248841541 1.536736864860371 8.659097244855156E-6
1.8303214772942475 19.5561196830693 4.291778999192746 1.5215084889754622 8.876327384027952E-6
2.0193109753946206 20.940715179316275 3.873273967022073 1.5515033565758836 8.80626365343115E-6
1.9792744904330852 21.929478732277246 4.040877885380924 1.5412211055598726 8.823283922218943E-6
1.7272370322089545 19.791449124270386 4.683345188812499 1.48696259911069 8.92535637808586E-6
1.4545718707100836 21.424626772310443 5.3642293652977475 1.4129618718326182 9.124700106520842E-6
1.5858583948857117 24.51826313594667 5.090556881016421 1.4301735547006762 8.937797098479321E-6
2.3700065599564835 5.372583402835681 2.4497152204998107 1.7461279804079899 8.501377534985437E-6
1.9867040564883574 11.164739366138374 3.4733083812418606 1.6382504949235839 9.06736888849767E-6
2.174594298580478 7.503717681401214 2.9467680506154967 1.6956296361661676 8.755334033827652E-6
1.933635782816847 9.561505421184377 3.5085707695971156 1.6479298346507634 9.122451907912423E-6
1.9093499269350247 7.434478732276912 3.633270820683982 1.6405489942406428 9.145929388603137E-6
2.0348887751647533 9.12338198498753 3.3903260927853918 1.677059940996914 8.970463651802251E-6
1.737845485917707 29.397285237698195 5.021980390151536 1.4704678021827011 9.02368280941478E-6
1.7526364244690462 57.184658048373606 5.2748179756877756 1.4448798713200026 9.35905959700059E-6
2.157255149435479 50.627082985821495 4.087666346661582 1.550528422161235 8.78252882448832E-6
2.1377086913002112 34.26764595496264 3.929571750826595 1.5729872756616032 8.901037980775112E-6
1.7127256728701148 41.8669140950792 5.267930462243844 1.445807672902017 9.261279902566358E-6
2.438079842597255 9.601708715596287 2.7133398599584595 1.6932144272473233 8.850848458151147E-6
2.4194043613305256 12.615344036697124 2.964056583581648 1.6738900057681645 8.9611664439096E-6
1.6327863919539394 21.356238532110392 5.242914025771059 1.449412670811938 9.485640768320133E-6
2.0973055106052114 15.717018348623816 3.8683780761042827 1.5855433561658567 9.151365598587958E-6
2.018332224287524 17.15981859883255 4.210347634392099 1.5602571584807163 9.067819660988229E-6
2.058363021674216 18.946057130942833 4.127679362445987 1.5602104363577411 9.256687337366487E-6
2.0876339304768847 24.924818598832665 4.091701443676142 1.5542118165865972 8.952966585346532E-6
2.2936395783099544 13.468730191826461 3.2888557086142063 1.6300509119311124 8.974603675519E-6
1.7832399516994806 27.395602585488145 5.124136491250542 1.4764923948742492 9.673933661640768E-6
2.2034058310522617 10.032224770642202 3.369763036547975 1.6368222675308586 9.17023437594166E-6
2.0660900882355397 15.77942035029179 4.029195656702562 1.5774363268495208 9.06950469403229E-6
2.311406872511153 19.853809424520673 3.3491337112419224 1.6282719695521908 8.751905165485718E-6
2.1295147312084506 28.655068807340044 3.9240103937386737 1.569149058579878 9.0881459108306E-6
2.390097965694563 13.259086738949128 3.1638345803444574 1.658925151922584 8.721411634389648E-6
1.6186586835719496 67.68687864887404 5.992989373827993 1.3892063260831506 9.222441689226695E-6
1.6897841739097812 42.00729357798185 5.599927260833699 1.4322238352980032 9.25114893808096E-6
2.1696820735524627 36.44759382819022 4.117226867673953 1.5655520522367252 8.88530840220682E-6
1.899916453853177 29.278736447039517 4.656515554694226 1.5039887499296218 8.956434065167473E-6
1.9847700575526952 68.36214970809013 4.825471275754682 1.50289611629345 9.192229681755192E-6
1.7877768871087143 26.470884070058446 4.992886245473635 1.4812692236001774 9.160919862679448E-6
1.9605964241626543 41.87881359466222 4.710949949165826 1.508577429416314 8.9412727447023E-6
1.9157023777796744 16.90948290241869 4.623064132221084 1.536935531452848 9.004060649758572E-6
2.5098560758529964 5.604257714762386 2.4069680512341507 1.7345575868251912 8.713377195145855E-6
2.3187893793451297 4.51414720600502 3.0071824886188034 1.7063500421574844 8.896602214361228E-6
1.9061140600588673 5.493138031693126 4.0462729576424215 1.6332495486570002 9.368229630208512E-6
2.1465511939492643 8.113167222685659 3.522184206268148 1.657900033823556 9.29394845645499E-6
1.6809731916227104 10.040635946622125 4.729888486255782 1.5493432023243159 9.752360140921856E-6
1.978008193762886 7.8186071726439295 3.9052923104922037 1.6250349287595296 9.297007633044552E-6
1.879509199523199 8.488667639699806 4.105878586987746 1.595563269127687 9.316409482503927E-6
1.4742683884547505 7.813663469558042 5.146616333931798 1.5429119960838011 1.0080876536509708E-5
2.2318323490869076 16.511186405337575 3.228915593181112 1.618679857199726 9.005021342617502E-6
2.0394427675891342 15.737349874895603 3.8658403362252076 1.5735856917149187 9.218467063171453E-6
1.7986971440767465 13.707906588823878 4.241162081083112 1.5264464716453303 9.001896998217702E-6
1.975042683331467 16.155106338615383 3.9145697041501846 1.5646402164943745 9.24592747985668E-6
1.7245232549682594 12.995239783152604 4.477248937254567 1.5173863692522405 9.289059611610423E-6
1.899175760374293 17.729259799833258 4.179977667359477 1.5364621046989706 9.11891414903134E-6
2.082630494024855 14.0762739783153 3.5684590185594875 1.593607074147662 9.05396420733656E-6
2.063816913759994 14.405552543786268 3.5682019918212045 1.5933805073192486 9.027111237142055E-6
2.000666046612768 9.74318807339448 3.66726686926215 1.595598449212673 9.039860083869386E-6
2.16824381840715 10.551584653878228 3.3757767875574514 1.6319005304319627 8.978782039378757E-6
1.9385366990024744 16.080669307756388 3.863399253645224 1.5611594117066567 9.184007293057761E-6
2.050566911554171 15.033546705587845 3.5791816831587298 1.5851204957388687 9.02474078295789E-6
1.8405654200247274 15.18753127606326 4.194609677380667 1.5312481300595855 9.153895895270501E-6
1.9053217251512895 17.401701417848223 4.133110681311088 1.5418377942802761 9.110019016857717E-6
1.7893454731653422 19.0096663886575 4.350490051038565 1.5121685783863668 9.30903488210184E-6
1.8814303259964429 15.897180984153314 4.113716008106097 1.545113544341326 9.174461203677322E-6
1.9759913609760067 16.497785654712114 3.962318541745312 1.570886101495218 9.057395796938594E-6
1.848853021162187 19.89012927439574 4.345201278698208 1.5211653158310239 9.045880850311791E-6
2.066913205918336 20.790185571309838 3.7945477266761682 1.5888870818085707 9.163802889638E-6
2.247605546689089 20.21466534612235 3.271175673638112 1.6249889785240825 8.918919560018133E-6
1.8410114703647342 14.918802126772082 4.246061230589934 1.5498736199330387 9.197944928071138E-6
2.4173937324371035 5.749939532944146 2.4737175628758004 1.7230396441710496 8.384655176585283E-6
2.312208557896541 7.247148665554652 2.6461978005676463 1.7035531552983605 8.672864863196051E-6
2.1539608422213683 3.1074979149290995 2.719849320527606 1.7463254339679533 8.61707459462029E-6
2.097553125951564 5.759090909090959 2.9908961121055206 1.6756921804873048 8.84036797265671E-6
2.2093987228277787 5.103744787322769 2.817482218421291 1.7005523882445648 8.73308298950514E-6
2.359563747898191 3.9504649708089805 2.4618548812048466 1.7397972935163064 8.472715718886114E-6
1.7190821468848105 9.015708924103429 4.251974078039917 1.5924660965077335 9.197349242309087E-6
2.058555172503967 4.124995829858183 3.135157936981883 1.7143717531743068 9.04902114630042E-6
2.117124013243244 4.338138031693069 2.9538297496607875 1.7195706406908666 8.83472013167266E-6
1.6069941645007684 16.387776271893195 5.137137215583527 1.4726595472859962 9.449441933856686E-6
1.473314120278549 18.084974979149408 5.494984949597038 1.4328895431292574 9.40314428668721E-6
1.6603194781216675 16.584526688907328 5.022249029919911 1.4815192103662613 9.52493451561376E-6
1.4751754823927372 10.958686405337714 5.311685079111638 1.4851559269795385 9.610093805931985E-6
1.3224461744850882 15.810921601334444 5.934589467960977 1.414543305118938 9.487350745330677E-6
1.2458217129608418 12.40709966638862 6.114875962281809 1.4030268545342395 9.381108982423777E-6
1.4583148535672452 18.108773978315433 5.737960817475874 1.433549590658384 9.65191035237013E-6
1.3184854584124654 13.15160550458708 6.0125987857797965 1.429174610826674 9.608563347905971E-6
1.1422857297830726 16.64739574645543 6.726452143880431 1.3542639513863197 1.0209794924411926E-5
1.3266629675747565 20.744202460383853 5.9581300394584025 1.3836676534428607 9.885778435062933E-6
1.446041118197956 14.188753127606327 5.553173144840711 1.442136085878024 9.20158965949065E-6
1.2212526428300732 25.368861551292923 6.449676628118765 1.3312658521830967 1.0089432246151332E-5
1.4507346536222716 27.543993953294535 5.950821711988376 1.3892682217650711 1.008495404124221E-5
1.2792243210928094 18.359471434528896 6.11720119232429 1.3791405446628038 9.799262837334944E-6
1.3387137638487008 41.015644286906024 6.50159938172021 1.3311344101755347 1.0091474652394E-5
1.5612457903615338 21.547632402001916 5.30200790447314 1.4395246647847046 9.450876954386671E-6
1.5933637198757034 10.594697664720513 4.958216094331236 1.507680803102496 9.314820215615441E-6
1.016208199709751 20.83289824854077 7.069762459310736 1.3038200599797063 1.006423734379903E-5
1.0081491412407722 15.610277314428641 6.748861272498169 1.3402022807884855 1.0129237663680166E-5
0.97425559636386 21.387404086739064 7.310041218192199 1.2920692936879101 1.0303325823523787E-5
0.948986173937192 23.570948707256054 7.298300539432032 1.287499626173422 1.029301540358227E-5
0.8475576959239518 20.492047539616625 7.485757106117301 1.2613900745379483 1.0611939199856607E-5
0.9667291557558392 18.77982485404513 7.141116598390281 1.2970551805140955 1.0038259506428629E-5
1.257074305606941 19.994902001668247 6.268810581055154 1.3857013145691612 9.662756280514257E-6
1.0716024031844111 22.824168056714306 6.908738598518939 1.3161397295135242 1.0086293008720664E-5
1.2070752812155676 23.364829024186932 6.508399236520889 1.355178084016201 1.0205964578768013E-5
0.8776648216156857 27.119464136780742 7.731082083711656 1.2344909044845138 1.0243076953693204E-5
0.964968003653526 16.440717264387 7.101872918989252 1.322216276865091 9.988268777017752E-6
1.217369319227397 17.207003753127612 6.226318170779373 1.390872360523859 1.0175393945037004E-5
0.9029223542168733 19.850410758966103 7.345979028807064 1.2850225629517364 1.0293931356862842E-5
1.3044387879285306 77.02564428690697 6.72523500220439 1.3222796558513459 1.0508661715917509E-5
1.3674223132811627 58.13609049207668 6.253145932231791 1.3574857750426712 1.0672301295795373E-5
1.2979333398732726 70.24385321100995 6.9954341952536 1.30229213226452 1.0161808478114839E-5
1.1706543475727966 271.6082422852407 8.229525789688662 1.1886753168737794 1.0375813898326634E-5
1.5151076314176144 79.26804628857464 6.1054170669503645 1.3812071448373944 1.0326122463239611E-5
1.6530008009627455 69.97798582151854 5.745275338776533 1.4157291939825727 9.76487804295682E-6
1.4658868238768528 36.277522935780055 6.079191704216372 1.388665401342653 9.901072106807835E-6
1.1997022070481917 107.31876772310487 7.434244379472557 1.2485526439303234 1.0818949931732747E-5
1.1790658098288613 82.40086321935048 7.141249906252747 1.2673703380355381 1.1176835056289319E-5
1.3057461943619528 48.223278773978556 6.743908914892934 1.3249556742265853 1.0034797194975695E-5
1.2661958026041515 45.153887614679036 6.78506838940871 1.321580726319937 1.0189148686667505E-5
1.5202356314215053 68.4102304003341 5.956701756702042 1.3893495122485444 1.0448704695111892E-5
1.0324406742813201 88.58129691409661 7.948403939132106 1.1983864546035339 1.1270112863910714E-5
1.3570035946773262 41.70892827356126 6.336496088901443 1.35653505518466 1.0049791851392277E-5
1.175283852622029 65.8349666388657 7.125127647350104 1.2761213705816725 1.0550361432725622E-5
1.4366369608851615 104.68272101751661 6.497082758625375 1.3438634235665152 1.0363200168768956E-5
1.4022400112496445 102.2791388657231 6.828764593976147 1.3126499024633331 1.020423593038211E-5
1.1646073872581386 50.49053586321947 7.231830250966785 1.279565833531532 1.0792057164706175E-5
1.210372121753315 73.55533778148516 7.246500102145412 1.2663218444354847 1.0539550183445232E-5
1.1478944771315196 54.57117597998336 7.255094701223602 1.277424643096198 1.0748858030724168E-5
1.140686529400804 132.84165971643253 7.585649339906284 1.2176777774544316 1.1423816481039634E-5
1.3216489656786505 80.95938803169382 6.681080964169965 1.3192012920861678 1.072354445804403E-5
1.095613547822031 54.96465492076734 7.509234357920065 1.2486264481665084 1.0684864699242943E-5
1.172161764018015 97.24945892410496 7.270055107817964 1.2633601629316757 1.1273102608166613E-5
1.281758862465359 103.40664303586435 7.065143502451199 1.2932072896886833 1.0550831665919038E-5
1.5061063079834258 40.952822143453155 5.841315806846837 1.4117183925978982 9.966953958556838E-6
1.5205595501116094 73.16295141784842 6.112199899825949 1.37469391674924 1.0045760790421392E-5
1.2679613185753993 122.21352481234598 7.169073398104227 1.263965621450978 1.0821132316832714E-5
1.0495451564571594 104.22485091743214 8.053932843354952 1.200743384748701 1.076650501165462E-5
1.3348231552464618 44.77370100083408 6.539296994918573 1.3338351299569142 1.0044099688216958E-5
1.27298746812887 49.661816096747394 6.601593287868621 1.3001757723149414 1.0368123134569648E-5
1.0746973638911936 41.219611134278885 6.959519553951673 1.2522929301612447 1.080273270656829E-5
1.248499064548878 9.944629899916544 5.308306438659782 1.4706751269680978 9.870661516945865E-6
0.9260525267871397 82.15310467055983 8.400442549091046 1.1375768251354696 1.0519449238164464E-5
1.01106038084835 33.48475604670578 7.286112135369264 1.2543120870410331 1.0596147075763265E-5
1.4070381036776942 27.25670350291939 5.795212902941114 1.3995726248432176 9.785911698612533E-6
1.0534053716606258 47.160482693911746 7.36622815311621 1.2400369050286921 1.0701365938680055E-5
0.9886359202137147 37.836172852376905 7.271013023456661 1.248126947859723 1.0338004378368719E-5
1.065644767668715 47.80781901584639 7.271486450143459 1.254159229627556 1.0959874246463286E-5
1.1983792696021882 30.239363010842773 6.268338298035037 1.3275735964448965 1.0520586877033805E-5
1.0669505564310136 35.697721017514596 7.088450796747884 1.2823478633049108 1.0629690878072898E-5
0.9767623619053547 68.61297331109361 8.069081782204673 1.1908756063654797 1.1302335191480022E-5
0.8316038337550936 51.19013135946624 8.165545694128921 1.1805443827210447 1.159609127836503E-5
0.67765992917302 54.28556192660537 8.943928538165597 1.10534349494838 1.1399492084633868E-5
1.0950876166695207 10.674683069224296 5.678115991369486 1.5185596604506246 1.0744788280590924E-5
1.4433196846044427 4.453042118432015 4.83561321361957 1.642941472624869 9.816834941440768E-6
1.5096340407397901 4.161415763135937 4.103023513059382 1.6386376879312434 9.792408606226308E-6
1.2422940826527145 5.239197247706424 5.036393288747972 1.582522276012829 1.0239064741053608E-5
1.4663224698875506 4.357894078398657 4.341334398348947 1.627140597252774 9.733099505942152E-6
0.8927104687198935 7.305959132610571 5.683049411094519 1.5023159331114635 1.0597479317194273E-5
1.2617274885675425 4.2245350291909665 4.574669117567829 1.619332594142688 9.880121933474436E-6
1.5626916864645513 3.966976647205998 4.0641345859705185 1.649881289216848 9.393212217414043E-6
0.9724498265083852 5.511069641367832 5.672175569625851 1.574724850035789 1.0323113903726484E-5
1.5290017408570336 3.574242076730581 3.832790342657467 1.6712888630165752 9.50302961712605E-6
1.528961024679201 3.3084153461217602 3.908374963886075 1.684038687693394 9.473820216312569E-6
1.3543013838288585 5.143790658882412 4.47163814647859 1.6053013660413116 9.773164711233384E-6
1.6233141034742953 3.5691607589657814 3.830433930159034 1.6811502080939278 9.730998990086309E-6
1.6785111229293632 3.5936488740616817 3.7509445091167786 1.6931271896076896 9.82308151727717E-6
1.39200518646929 5.2724645537948565 4.519507871059881 1.6006719040202215 9.879932086209788E-6
1.233687354053733 6.667581317764851 5.052265543878904 1.5509200998622328 1.0563209400380547E-5
1.3211660212819394 45.56055462885736 6.150337130427945 1.3349035915935432 9.501469570407083E-6
1.1987165268257678 24.362270642202144 6.233542692014089 1.34285044024455 1.002366388597738E-5
1.1918758401447753 13.134211843202605 5.809076545365477 1.4065708283140714 9.485514554042605E-6
1.1445760092111574 16.213994995829765 5.872667585746899 1.3758543033538828 9.825873032651809E-6
1.3990838861202188 17.44314637197683 5.40806554797891 1.434803059048646 9.783225264301056E-6
1.0232078155764144 22.256106130108783 6.570432791450874 1.3071543524684124 1.0164443525451425E-5
1.4425631743520757 23.624030442035494 5.683260635155383 1.4145018832544527 9.680039541570424E-6
1.1265997051261532 16.497078815679764 6.1483929187513935 1.366812238488894 1.004172778198307E-5
1.3805369683476805 16.275120934111694 5.414403916266062 1.4364185742535966 9.686849581574574E-6
1.1069232200804937 13.286430358632154 5.94590307895766 1.3992811821571691 9.723362777789219E-6
1.0702025089791518 40.27375521267734 6.833725188535528 1.2715682177762253 9.85817943224334E-6
1.2663239569319826 20.72736551292763 5.6212249432258234 1.4082623725977925 9.680957915240463E-6
0.9962673685530399 13.676816096747274 6.255420633872784 1.3590594029072256 9.886577937090142E-6
1.2503673916356572 8.094670558799029 5.334937458772418 1.5223364349835782 9.614240833094613E-6
1.3176390950890144 3.875306505421186 5.145662696144289 1.5910670411789631 9.653348700075591E-6
1.7878133059488082 3.3326438698915735 3.8186000761962635 1.666353406090595 9.254411674788815E-6
1.0112136400916354 4.5130045871559705 5.640430373497794 1.5338244735686832 9.90892629035839E-6
1.2394065678184305 1.6968974145120967 4.739213591630506 1.7024207510676888 9.43441575643862E-6
1.5034510045408334 2.0844161801501246 4.077719617934298 1.7194259206904985 9.38918400295738E-6
1.091632017280873 2.3431766055045897 5.227119340559909 1.6482349158035574 9.774902867557029E-6
1.348903517189836 2.4371820266889177 4.679043532931249 1.6678722657165137 9.53226527206179E-6
1.695366012847206 1.7725604670558937 3.8642368625254586 1.7321736419545228 9.07783543189262E-6
1.0777607129565376 5.251401167639711 5.635125715540903 1.565650570606782 9.709327032667761E-6
1.32181436107087 3.057187239366119 4.909819925146235 1.630870042100469 9.36626000171353E-6
1.467002055192557 3.010911175979991 4.505519804564173 1.6435749684893977 9.490819628934873E-6
1.1537837652330603 3.682224770642201 5.292980402704285 1.6004178092547476 9.660047147973821E-6
1.362634061827982 3.411962051709738 4.485802721725498 1.6212112112155945 9.208200259860465E-6
1.5743698199661276 1.9404128440367094 3.9920967425337026 1.7253145971742723 9.162666129975562E-6
1.3699079359119812 2.262408256880747 4.758234651463377 1.6766779125934335 9.6260265593272E-6
1.1599747911739116 9.231413678065032 5.466662316601318 1.503251626321767 9.723712244353165E-6
1.6412641048144183 24.605604670559153 4.964381254739182 1.4581895138325291 9.45481818778336E-6
1.7277992358955345 45.34825896580433 5.06775715833993 1.4420478938487198 9.320756078647423E-6
1.607410457036475 28.95098415346195 5.26160353604995 1.445478646221442 9.766033029340393E-6
1.7949489149213473 76.92957256046853 5.229234689036035 1.4308141187407506 9.307885654484296E-6
1.6932400160971297 79.55551709758271 5.60451052226147 1.3990671259120113 9.379783543495165E-6
1.438861835557554 43.25887614678856 5.845493075277399 1.367614637003629 1.003258025253348E-5
1.441465368494653 28.01278773978359 5.604526645027419 1.3998713019766071 9.538722731741694E-6
1.1052438881500763 12.119357798165087 5.787167581111366 1.4586106816080098 1.0584754616172232E-5
1.3311870501000886 45.483886572143696 6.309899606306244 1.318819155491722 9.591064792617493E-6
1.2899363953781555 37.827281067556285 6.148449103682497 1.3223746337486446 9.707030818349214E-6
1.493894860705113 48.41804211843194 5.8781930357470165 1.377651417269496 1.009755696167347E-5
1.3548175546405086 55.05138865721397 6.377398211854985 1.33107316654461 1.0628431296004367E-5
1.5514189003378067 56.36013135946581 5.565563873798677 1.3932320734307562 1.0511851183607936E-5
1.52314737863581 60.75811301084212 5.995166059879516 1.3645801891102987 9.407705104423975E-6
1.5920603883956455 46.19345704753962 5.547880046981836 1.4086038895644155 9.882657059235711E-6
1.4743665467564324 38.76564220183521 5.793729448585475 1.375350849266347 9.610501831591125E-6
1.3234825450720502 46.02228106755662 6.375480452214339 1.322453168481705 1.013828537887301E-5
1.412162095063777 31.979885321101406 5.783139144213256 1.3760787436076587 9.89964041488897E-6
1.3629095087563627 30.27082985821563 5.851790811225793 1.365542470573636 9.813716458967887E-6
1.4394054773890668 63.17412844036646 6.361848278406551 1.3328382351348484 9.77329007623326E-6
1.5209361762843099 47.81010425354459 5.765732794405307 1.372913896174167 9.32124676436549E-6
1.4215148758341591 51.30190158465381 6.1195100739231405 1.336994124340596 9.561833952600099E-6
1.5299771404822164 37.67950583819876 5.615701430102909 1.3912964045662095 9.445358564088259E-6
1.4316911307508786 18.91764178482087 5.277235026299287 1.4350209795598619 9.384110411345845E-6
1.497849770118869 48.87371142618819 5.762861882630783 1.3678522310643282 9.398733197640138E-6
1.5603621103855267 41.245043786488594 5.532486922438636 1.3964239930808238 9.302508136663402E-6
1.2042254071512848 41.71349040867384 6.482447221438383 1.294381385240491 9.919141780093736E-6
1.6277237222169518 30.170896580484442 5.0378534538848845 1.4508585608636717 9.526500149717679E-6
1.4877885129657844 44.17561301084223 5.721748679688724 1.3684046885585959 9.20984042205408E-6
1.5199026258839814 54.591392827356024 5.736078744658268 1.3701257991683495 9.783817233728092E-6
