3250 199392
2410 102357
2220 87660
2739 191990
2829 229902
3849 235805
3683 260187
3816 246370
2952 225840
2883 290726
3445 328025
3755 282999
3170 328981
3429 250271
3706 297409
3908 237196
3465 211557
3373 280181
3493 201055
3182 195385
3718 332635
3708 361642
3401 221865
3594 232897
3630 231148
3424 245836
3464 305519
4023 207412
3957 254956
3910 261266
3921 290916
3655 323809
3929 337377
4117 312590
3828 289482
3897 319438
3869 305971
4420 349706
3923 221667
4039 211691
3898 282380
3960 275164
4036 228874
4031 230732
4050 382239
3910 391908
4331 382404
3924 238803
3900 355699
4208 367432
3847 333785
4029 332563
3789 372658
4047 457441
3928 255384
3938 410114
3870 416157
3933 442610
3606 386800
3434 543654
3571 580034
3870 638185
4320 775183
4939 809369
4066 753511
4096 772312
4249 788478
4038 696212
4924 707259
4376 856993
4078 761035
5166 830510
4326 754204
3949 662808
4584 810958
5296 809308
4372 767712
4294 683203
4221 712379
3831 653339
3796 622823
4550 818690
3900 628665
3924 664192
4975 892323
4988 749070
4331 839221
5362 709558
4247 814737
4274 720996
3498 504076
4189 753665
3619 582428
5012 745525
3419 462390
4219 710933
3817 618131
5535 818827
4758 749381
5559 790335
3906 689565
4524 802556
4378 779662
3525 512244
3125 434510
3247 459865
4286 840926
3606 566019
3182 505868
4265 817603
4845 700694
4336 795440
4441 721679
4286 854259
5107 749523
4424 843282
5260 738955
4125 725302
4135 719013
4139 609785
3685 522707
3336 435858
3945 938420
3960 918568
3857 857650
3868 904550
3970 888057
3848 890246
3751 869754
3741 792678
4065 896788
3494 745108
3896 917011
3846 818794
3991 948637
3714 858910
3745 837160
3753 802024
4005 995070
3880 919952
3884 812687
3839 813342
4142 922426
3708 805390
3665 768338
3932 1005741
3777 873982
3750 819300
3744 774318
3380 714603
3148 629523
3503 824385
3268 655187
3074 582961
3897 923180
3890 869785
3814 825019
3584 784556
4158 993851
3708 872567
3461 811435
4075 979449
3552 821891
3716 768024
3812 881449
3448 711261
3968 959075
3807 930883
3719 862695
3919 867780
4008 866179
3693 808863
3806 906370
3569 768232
3436 763735
3562 828637
3755 888841
3804 850116
3689 871038
3583 863476
3619 824038
3952 966899
3792 846374
3581 782711
3589 846127
3823 857947
3447 754746
3778 895697
4120 857941
3726 845611
3722 887172
3635 806832
3584 827357
3714 887824
2342 325616
2253 308217
2212 301090
2332 324054
2131 278360
2107 274966
1992 250558
1850 214039
2228 300895
1996 233327
2271 319276
2084 261070
1899 228580
2308 317883
2367 336256
2591 412842
2596 418638
2800 460832
2325 328197
2808 450589
2594 398063
2770 446433
2657 421058
2679 431214
2486 384497
2487 380115
2463 356135
2619 417410
2736 435522
2600 415734
2318 335852
2267 340894
1900 242899
2030 261386
1911 230901
1970 243129
1896 243390
1821 220284
2158 276984
2122 265918
2310 319657
2158 274442
2053 248051
2209 293925
2304 319552
1903 219738
2196 274510
2114 276897
2199 306029
2115 282596
2114 282661
2289 297116
2016 237390
2124 284438
2241 321677
2205 320462
2377 341010
2165 294278
2285 292342
2218 283763
2061 263136
2140 256828
1994 235406
1960 232357
2079 253926
1964 243485
1941 236332
2847 490425
3127 605478
2803 477089
3271 640963
3605 772741
3602 743222
6666 478294
7521 509262
7607 581721
7042 438498
7439 497374
7087 477148
7236 489933
7010 486070
6473 476972
7224 462041
6599 443419
6742 405446
6260 459260
5905 419674
6257 383637
5996 400445
5722 378979
7054 413126
6494 439683
5634 353272
5509 394466
6044 393197
5695 381634
5663 396450
5709 357985
5895 364478
5932 301656
6182 376099
6399 353465
4788 282347
6413 365056
6285 386944
5496 332644
5894 327162
6523 424579
6647 434970
7274 515522
7866 507988
7452 483710
7086 478373
7397 492951
6955 475440
7048 444767
6668 512026
7633 526166
7372 527718
7329 485095
7134 468446
6323 463434
7147 468355
7623 538024
6938 485445
7689 452599
6574 424554
6349 430131
6065 369445
3487 435710
3509 411238
3041 357081
3211 413748
3494 436254
3637 478309
3565 444181
2934 348051
2930 350296
3625 512111
3300 354057
3971 579391
3872 520376
4025 520823
3516 469365
4095 517743
3430 440166
3508 465754
3226 391873
4064 534812
4440 607264
4063 534952
3511 557666
4361 599527
3841 540054
3666 428574
3717 493117
3833 501149
3530 403991
3545 423212
3782 461545
4602 571781
5338 708290
3490 467631
3317 401431
4437 554454
3962 512179
3317 396903
4145 531502
3891 521333
4140 596243
3371 366641
4237 546704
3625 419357
4942 586771
4639 599465
5140 602647
3849 544548
3962 533890
3481 482508
3447 422876
3215 359911
4670 566485
3640 478923
3519 415242
3264 376633
4653 585642
3682 467229
4149 639860
4725 647062
3738 601508
3722 449493
4769 707340
4900 757762
4535 613877
5083 720228
4293 652960
4540 679961
4755 692502
4548 629880
4560 612738
4473 611993
4484 636000
4071 547326
4279 542852
4341 564904
5279 652216
5058 727339
4922 709320
4998 732070
4727 689676
4630 640633
4720 699709
5223 762652
4817 749893
4797 738470
5172 715816
4569 606682
4575 701646
4838 692385
4476 661598
4517 663978
4875 650311
5043 849765
4871 670050
4906 740109
5306 694356
5342 686111
5309 810953
6013 837040
4842 618163
4738 646736
5881 822818
5451 753944
5721 759824
5424 753621
4333 680497
4949 722865
3942 581445
5224 795139
4517 645113
4884 725726
5267 909409
4563 676132
3350 384593
4152 575169
3251 386130
4316 650301
3764 496315
4606 627528
3655 417037
4401 552453
4273 558447
3430 448369
3397 408492
3473 396309
3994 476582
3993 464891
3604 413829
3501 382312
3205 388669
4095 534018
3662 435773
3647 434022
3243 370497
3037 334939
4306 514876
4566 607025
4402 515696
3895 473226
3436 382526
3485 360264
3615 424314
3496 377227
3385 355437
3849 458752
4280 510943
3393 401944
3706 382407
3412 385605
3799 421849
3475 382860
3448 368188
3792 420533
3170 335181
4136 540409
4086 512173
4513 582804
3966 510533
4292 663441
3558 520931
3909 473070
4146 564858
3950 468267
4117 508603
4591 503133
4392 664120
4085 587152
4073 592066
4360 504941
4397 479277
5200 691142
5028 688665
2735 320346
2904 319005
2764 353526
3468 430307
2607 298274
2555 317420
2762 360141
3144 455009
3540 471088
3450 477215
2787 277941
3453 400117
2301 286374
3093 434653
3078 385126
3196 344470
3142 358731
3272 439123
3282 334585
3169 318179
3589 472839
3945 523062
3803 432272
3841 480133
4012 517512
4472 662325
3713 522825
3042 396618
4304 584457
3850 547399
3684 549913
4003 607449
4106 587997
3718 603554
3617 567131
3468 494407
3715 434935
3933 559141
3850 512173
3784 494828
4446 680830
3806 587679
3846 582036
4132 586311
3916 600325
3905 635481
3812 588492
4860 754750
2996 313879
3317 395413
2604 266736
3719 484987
5711 547741
3486 513323
3252 415279
2391 247428
2166 150588
2931 417082
3018 448861
2766 371583
2793 375557
2779 355260
2721 360868
2862 383810
3103 420279
2685 361634
2510 309016
2731 335084
2734 356068
2766 344086
2622 324604
2701 331691
3082 426270
2907 388087
2655 337665
3120 446676
2821 378170
3022 412396
2956 385241
3013 403786
2785 382078
2958 398543
2629 317909
2769 331234
3382 474836
2603 336372
2965 398898
3089 431999
2266 224796
2378 281528
2387 281159
2424 291935
2322 240275
2209 241866
3054 333288
2683 269301
2712 298656
2471 227950
2555 223912
2499 212481
3267 331403
3233 328114
2579 267800
2460 242917
2298 171729
2439 185055
2263 199301
2642 238501
2589 211019
2032 171556
2673 246654
2241 167725
2289 174159
2202 174353
2327 166533
2348 196811
2473 209955
2216 173657
2328 193010
2012 139100
3782 767863
3444 656601
3725 700718
3588 778572
3951 824881
3925 868324
3550 717094
3939 951796
4076 960001
4050 903878
4173 908459
4454 947790
4660 982902
4158 915715
3336 631829
3833 765628
4149 867317
3394 647488
4592 982206
3356 691703
3988 818850
4519 1014717
3815 816650
4025 862347
4049 922429
4199 947599
3907 855768
3441 667971
3769 863891
4845 868018
3901 764331
4183 966921
4628 1036949
4712 1037545
4222 988943
4068 982738
3893 867984
3917 894276
3992 931973
4034 1001996
4384 1141024
4037 1086382
3616 844373
4027 965764
3998 926818
4255 1041970
4216 1000098
3496 679356
3535 697930
3895 889270
5972 464833
5197 408129
5678 491124
6709 510198
8920 517155
5306 463331
6355 570586
6592 668804
6618 524895
5347 531408
12494 623363
5347 509855
6920 666593
6004 510803
7927 524330
6776 650217
7951 573940
6673 613572
5378 486484
4731 468006
7023 646839
6506 573022
7656 537544
7610 558892
6709 497725
7634 610201
5914 662987
7405 578175
7276 539932
6037 548159
7077 532511
5787 541379
8361 625621
4586 510041
6669 583785
11271 687853
4764 509623
4903 689252
7411 534294
6781 483907
5601 708135
4646 518997
5813 526251
5099 446951
7580 571613
4988 467391
5483 475131
7516 554471
5020 541942
4710 547479
7283 529351
10122 771424
4938 497732
5699 568972
5064 594287
3867 541996
4082 785345
3903 710716
4208 795047
3813 604397
3825 581477
3859 593878
4722 761990
3436 631675
3397 681474
3647 754481
3499 661876
3885 729909
3904 809060
3983 888044
3968 877784
4393 1061250
3706 720192
3861 751092
3580 768400
3834 796243
4128 843604
3647 747498
3801 780467
4026 832669
4020 914607
3624 766199
3745 749441
3934 757185
4394 930126
3986 782948
3815 778349
3830 777129
3830 777129
4001 851294
4365 846858
4270 861397
4609 944712
3984 799918
4047 859806
4262 851590
4379 979743
4547 920008
4151 848997
4288 879114
4360 974214
4152 811961
4246 908175
4516 926240
4926 931631
4367 844519
4613 988440
4337 883595
3915 825570
4301 878461
4006 905162
4216 952050
4130 885318
4919 948807
4087 889479
3396 542817
4374 654221
3580 499080
4019 503601
3835 536788
3979 564767
4244 580405
3792 614216
3505 577851
4323 702795
3693 549445
4723 593832
3687 681543
4314 674442
4238 790449
5084 934717
4558 712557
5410 776486
3931 582540
3870 582194
3654 589645
4011 656687
3511 592226
3546 608852
4125 684488
4069 561421
3530 576601
3577 617447
6380 673640
4903 703264
4113 734445
3503 596990
3505 607518
4195 664574
4188 691146
4056 716794
4213 799211
4903 719098
5669 718938
4463 825552
5040 724275
4376 805490
5679 873890
6116 758200
3999 659532
3978 745490
5195 840603
10450 656932
5799 651425
6531 780439
5442 796951
5855 782044
7267 752943
6574 936376
4538 820202
4386 784711
4548 921942
5751 963627
5582 1038224
4124 747150
4968 668281
5151 757611
5549 914221
4890 759746
6384 939887
7706 624815
6669 609040
3778 467730
5254 649668
4350 713541
6891 714509
8630 761829
9645 813113
9654 843617
10777 776705
5734 658354
9140 800444
5720 793715
8074 767848
8515 732291
5073 796377
6668 752561
11282 809555
7495 778853
6024 908838
4685 859895
5419 848632
6954 816369
8259 822067
5311 748260
5875 757996
6317 828665
8363 795637
6195 804653
6042 831095
7532 868512
5999 781820
7206 965949
9574 813359
6141 929217
5656 895946
5582 909156
7143 897205
8162 909386
7450 892795
7588 949251
5258 700137
7313 753280
12933 865090
6566 820958
5628 847814
6459 693712
4649 699835
5440 821512
6816 893789
5383 796994
11087 809086
11819 888466
5089 708942
8377 897516
7859 817795
7087 760642
7496 874500
14032 841804
9570 766405
3597 579975
3610 624590
3655 668201
3759 688100
4015 807675
3755 759349
3683 678469
3506 595104
4055 836657
3419 583594
5413 777215
4038 750188
4493 759388
4202 911162
3857 814701
4266 758020
6255 814258
5282 807889
4331 919372
4664 768750
4052 791623
3824 757555
4187 751718
4327 901939
4425 874330
3971 843943
5552 854318
4753 916004
5975 872984
4458 950118
4355 902399
4740 974788
4489 843018
4188 873896
4401 948138
4232 859168
8004 955495
4452 926895
5477 791614
5689 925153
5345 908466
4376 911775
6347 839173
4255 851364
5661 851947
5642 845897
4576 845374
5823 945236
4473 875818
5024 858041
4797 819871
4280 906813
6225 927767
5113 789533
7099 732496
3947 693973
3301 38356
3547 47250
3468 48344
3510 47145
3793 52938
3892 62571
3486 59588
4204 59563
4249 58723
3680 46780
3899 70594
4323 70355
3774 68178
4003 51556
3897 44767
3859 56610
4119 52789
4275 62195
4140 62720
4248 55162
3731 54755
3650 43074
3934 52660
3638 42936
3969 51703
3521 48778
3799 44467
4254 56602
4308 54387
3554 48278
3762 50819
3880 62309
4097 51340
4007 56418
4151 56568
4143 58733
3507 57408
4044 55242
4085 53824
3586 54717
3887 48886
3821 53783
3320 51893
3464 46889
4075 59574
4129 55663
3541 50341
3514 59294
3880 58245
3798 52754
3973 66699
4028 52353
3833 57219
4130 54891
3581 59643
3512 46434
3691 48881
3649 61809
4161 55512
3666 48506
3289 45130
3502 55638
3096 48894
3299 57526
4206 58301
4113 48324
3683 58274
3675 55454
3739 51637
3884 63445
3473 66337
3573 61285
3871 53360
3955 61280
3838 55919
3732 58666
3877 70374
3554 553936
3960 705626
3629 649402
4118 759806
4054 823657
11833 803591
4240 874816
4405 898796
4288 974339
4377 817178
4119 875783
4078 878672
4081 926976
4990 978248
4185 850028
4684 907997
4048 824618
3842 720655
4061 865870
4018 808887
4342 990448
3833 840193
4060 779819
3972 851311
4208 802193
4160 888939
4346 953825
4829 965724
4215 917921
4912 935986
4088 819785
4636 838615
4262 831806
4257 860513
4195 882750
4161 914684
4796 940610
4183 889311
4250 886577
4918 939592
4047 826807
4122 850404
4031 885271
4719 925892
4585 906741
4118 902367
4426 922592
4056 807671
4036 793381
3999 849802
3995 802191
4066 835104
4041 833454
4037 903335
3961 774496
3853 745344
4201 880038
4261 926826
3905 769858
4461 893419
4098 850793
4040 838190
3857 943365
4284 973826
4086 883426
4162 949818
3949 1022504
5516 1195636
6131 1034094
5210 1050672
4316 976006
5214 1055457
4644 1074823
4982 1016869
4646 1046063
4069 1023788
4775 960249
4128 983157
4829 1039235
4353 1025747
4229 946185
4107 944963
4402 1030095
4196 969835
4697 1180777
4448 1008055
4836 989983
5434 955305
4207 983253
4807 1208747
4684 965270
4772 1071454
4635 1106389
4811 1037207
4541 1012137
5196 938062
4875 1210280
4653 1099112
4808 1086705
5278 1013372
5592 1131597
4995 1131519
4099 1044429
4221 1044248
4007 914980
4123 998401
4152 971263
3782 896725
4209 888306
3836 848232
4760 805914
4079 925615
4520 923559
5093 986608
5511 1165618
4245 1046947
5198 907042
4202 980379
4170 958539
4909 1070265
4639 994641
3975 966728
4540 932645
4386 283665
5976 394833
7101 394506
5987 410158
4523 380448
3865 366848
5219 363181
6230 429561
4044 405712
4950 422283
5012 439136
5339 386883
6836 368861
5218 328742
3779 291886
5219 320328
5096 372840
4256 319237
4381 326569
5324 363485
3947 304549
5319 373174
6956 405621
6238 359594
4482 452336
5434 396769
6717 449373
5579 410390
5356 442027
6731 422819
6184 386480
4549 394791
4094 370565
4203 396312
4665 477849
6088 425203
6168 444531
6816 452792
4123 387239
5394 371454
4881 462058
4063 378003
6027 394482
4139 382731
5248 458499
5562 373403
4002 337271
5108 367838
5225 376226
6062 365978
4364 368306
5145 427956
4152 406551
5599 383288
5718 358915
4642 366297
4068 387177
6621 370638
6326 401377
4251 407224
4193 414662
4365 432706
5263 436743
6225 412882
4099 423181
5321 327432
3478 243823
3806 257919
3861 230191
3624 251985
3432 241179
3435 241518
3209 225464
3741 272169
3903 255637
3242 236430
3844 251531
3833 235305
3849 260134
3658 257462
3468 241283
3406 240702
3920 224158
3692 206472
3796 224033
3553 230379
3514 226111
3491 240938
3479 237407
3781 221584
3627 228797
3986 232345
3836 228993
3716 215462
3813 227563
3918 249043
3602 248745
3839 221281
3512 198534
3363 205897
3369 198766
3636 214329
3744 237719
3606 265414
4006 272290
3584 235520
3889 231814
3894 231758
3510 248943
4033 319412
4065 319257
3941 289057
3846 217622
3957 269950
3766 276607
3868 273661
3970 278581
3507 189094
3424 180535
3506 189271
3263 158042
3494 156317
4110 209698
3499 143712
3444 116212
3131 113082
3898 775881
3996 814437
4521 916224
4454 966276
4831 873567
4329 748383
4526 863656
4395 981797
4480 738721
4460 1019046
4628 774591
4617 767050
4352 722372
4776 817772
4583 744179
4692 829455
4654 859070
4596 831084
4451 733153
4532 777776
4490 795912
4504 821587
4264 903474
4398 741283
4648 726660
4517 684655
4408 819908
4518 801870
4531 836537
4724 922524
4965 854635
4606 877949
4325 751566
4681 829019
4506 805431
4877 946868
4746 845221
4191 647332
4662 834406
4486 733834
4437 724108
4421 1013978
4788 938707
3310 502479
3496 583455
3588 553790
3637 591629
2931 426807
3909 646935
3398 529259
4159 725701
3321 498160
4238 721202
3686 534003
3718 576644
3414 651690
3489 779707
3905 935511
4106 928937
3820 960596
3771 909848
4080 837685
4025 839485
4126 902681
4004 838421
4006 849681
4157 901039
4100 882152
4074 875370
3900 767808
3968 811748
4044 833764
3815 768990
3817 760921
3793 778228
4035 845815
4116 947436
4153 874666
4227 881330
3769 767893
3750 763356
3779 772269
3835 858604
4012 899558
4111 929518
3974 881319
4127 966431
3935 881816
4219 1102590
4390 976941
3736 784855
4059 1017134
4793 987651
4176 1001339
3970 718283
3959 891289
3924 814040
3943 816815
3831 754334
4162 961722
4184 936232
4144 880241
4198 989352
3826 796710
3866 858944
4032 915076
4095 996703
3910 858585
4042 898115
3959 836899
3948 416478
3783 457098
4393 427467
3960 500916
3828 482427
3687 430436
3724 550924
4132 463052
3829 467113
4056 573202
4045 362692
3907 496107
4045 581318
4271 647001
4010 517384
3895 571321
4085 570130
3846 408486
4010 382096
3864 459463
4352 475295
4988 401746
4219 480254
4474 474134
4147 525657
4270 497321
3972 451980
4098 462968
4900 434310
4002 433303
3853 406919
4452 430890
4446 470034
4265 438506
5083 454324
4863 409557
3243 383406
3828 464137
5745 469502
3831 486267
4068 384609
4524 449074
4809 464809
4343 373684
4182 491932
5010 478963
5042 441130
4453 426525
4156 419002
4418 459929
4693 402065
5046 459891
4329 520789
3907 446369
3840 472831
4062 507158
4365 518968
3687 379014
3888 501713
3467 375999
4060 518190
3643 459238
3891 533030
4191 519308
3997 478500
3041 432305
3201 442240
3870 455020
3653 467042
3888 547968
4001 591820
3720 570119
4320 569050
4713 552574
4201 595437
4042 512291
4904 606991
4275 601064
5101 580646
4304 497200
4053 510034
4522 655846
4545 556861
4414 556078
4205 603029
4288 541402
4117 555646
4360 645659
5098 491206
4386 747977
4308 550406
5007 506513
4445 543113
5243 545231
5232 512762
4606 695860
2870 331051
3689 430513
3897 556656
4127 587751
3892 492655
3391 480558
4174 574320
3257 430770
3584 522528
3419 429031
3918 581378
3760 579519
4189 537409
5389 597074
5845 639543
4552 637901
4514 562515
4281 484885
5527 496554
4255 506202
5012 651415
5999 531444
4294 612187
3717 404849
3693 408263
3583 488388
4035 618975
4663 464846
3875 468983
4250 674139
3717 438365
4191 529528
3938 504367
3665 537712
4083 460358
3812 523103
4434 507900
3597 449914
4338 610126
4158 504034
3971 472241
4178 516325
4371 528892
4157 627877
3706 423839
3680 338687
3274 368812
3455 506540
4205 408166
13126 617215
8491 629407
3847 595853
15003 545979
5802 484592
3705 435572
4304 588729
4010 598016
7957 558114
6422 557124
4525 570897
6910 459623
4126 577475
14092 402415
4652 610430
7289 532792
9505 549745
4411 487553
3513 374790
3644 419593
3757 562449
3685 477986
4513 647935
3679 520846
3826 554230
4360 714953
4179 470623
4186 528586
4501 468448
4422 455363
4155 534394
4500 496617
4653 614360
4376 547169
4380 553189
4481 635121
4519 528999
4811 579449
4279 600591
4341 515485
4384 525449
4469 490615
3993 538590
4366 485216
4381 471021
4399 472989
4628 561484
4305 530154
4747 597553
4513 559929
4145 638732
3703 624131
4700 576343
4759 617322
4557 557739
4134 526268
4743 492840
4422 513569
3952 586320
4586 544884
3822 598701
4350 455141
4291 515382
4138 465491
3913 553395
3909 604279
4104 414663
4071 443689
4760 483280
4426 545507
3658 512942
3565 478141
4041 426380
4680 650344
4415 649622
3891 524442
4518 505012
3527 333219
3712 409928
3716 681094
4523 708608
3917 759675
4621 881246
4505 725385
3833 658933
3840 735618
4423 794255
5519 824627
4086 730540
4041 793502
4582 868336
4632 770307
4329 789002
5181 699835
7849 729343
4574 837427
4125 741285
4650 810371
4246 793414
4244 784357
4192 696169
3899 686028
4482 716460
5460 877084
4151 752026
4019 716383
4280 933790
4650 978678
4425 911059
4552 992180
4976 931895
4471 944363
4998 936380
4754 939887
4783 954444
5350 964045
4368 838361
4693 995638
4516 940890
5266 975469
5038 1019157
5133 959308
6241 980570
4407 826095
4561 911629
5140 932901
4274 844545
5624 1000457
5691 956847
4534 882820
5143 1028069
4166 843881
4753 990505
4564 918835
9112 770670
8565 746733
8753 773098
19006 692199
10608 669332
10566 618532
7653 696629
11580 788366
12550 791639
7893 781886
7875 803367
7344 682958
8785 899129
8282 748404
8758 820496
13223 666133
13109 686472
9529 827302
8955 815752
7229 844838
10326 831858
9412 765337
6687 869833
11549 814014
12073 742259
8317 884793
13609 849117
11486 703612
6359 688452
10294 805129
9641 731869
10609 809071
7625 799210
7396 779643
11340 597433
6211 737150
5426 985030
10431 767722
9179 729251
11391 705414
10173 877555
12512 741201
9138 682581
9720 679392
12354 726104
10207 780651
11379 848758
13736 841997
10759 841727
9275 759224
9520 693244
11762 868465
10570 884106
8334 736856
8439 682625
9715 755004
7185 738534
5018 882211
4766 820911
4755 908700
4433 834901
6221 961317
5019 826801
5165 936387
4701 812303
5600 892830
4922 868442
4700 762283
5097 849700
5246 892662
7801 1014126
5214 917972
5558 949351
5522 909582
4811 854429
5920 899461
6526 971721
5401 907709
6198 949015
6599 1013594
5990 1027099
6278 1113022
6194 1013601
4369 895605
4293 748974
4073 754547
4137 751420
4340 755370
4292 837738
4175 682451
4419 870600
3906 761420
3527 628955
4741 912007
4293 743326
4272 783510
4612 931537
4276 713999
4482 823141
4675 865510
4498 865984
4321 735916
5091 998009
5401 1044089
3946 705780
4120 792168
4177 801837
4349 700374
4697 947476
4044 700771
3870 706941
4392 779990
4430 769984
4315 758016
3972 662056
3789 648623
4344 773092
3982 661557
4433 766190
4456 827814
4580 789893
4745 797160
3756 647354
4492 958102
4215 840732
4429 800022
4724 849517
4742 877439
4131 766870
4324 805751
5010 874726
4823 928257
4629 742907
5276 929925
5610 879653
5538 771312
5764 905876
5657 889496
6289 905314
5093 749675
4365 731335
6008 823079
6026 938449
3376 569407
4859 808816
3312 587547
3636 665592
3935 789949
3396 612972
4380 800224
4765 930548
4035 808500
3711 704149
4566 875875
4185 773147
4221 771427
3578 651213
3928 796290
3373 633915
3526 751071
4803 897539
4464 812704
4448 788311
3939 629412
3956 646643
4232 724773
4701 855514
4593 781936
4820 869552
4243 720241
3749 680306
3843 753343
4711 885971
5089 850664
4223 675448
3933 570641
4244 645311
4615 674706
4197 687149
4218 688512
4347 624308
4241 660640
4399 711984
4393 757727
4552 846256
4354 776801
4431 739401
4434 894316
4475 799446
4545 816356
4256 718880
4525 788116
4364 713282
4369 750645
4655 709581
4319 680402
4456 742414
4323 683656
4459 791033
4411 766719
4379 782953
4429 696702
4272 695523
4413 702137
4441 747014
4378 813212
4484 923257
4372 723711
4342 760088
4352 717682
4395 665610
4345 750422
4403 730026
4271 602405
4540 944743
3793 592359
4012 668990
4319 664948
4220 684406
4205 717015
4334 733857
4417 736768
4277 710806
4487 858508
4316 684363
4443 706162
4555 727172
4286 741176
4432 727506
4497 919400
