1.4621753302555158E16
-8.827496946659977E15
-1.6526089299926646E16
-2.375460777042138E16
1.8587931671303968E16
3.922575388424317E15
2.48778635054023E16
-4.653737673055361E15
-4.0926366310203165E15
-4.80230435820125E15
-7.874255355100071E15
1.3486430622169166E16
-1.7481822351255732E16
-2.262866144503566E15
1.2640498107523324E16
-6.759913712645348E15
-1.4604386008000802E15
4.688208092720264E14
1.3142448953890196E16
-2.3099629294138364E16
-5.061931543556302E15
-2.457247773787132E15
2.22648753460603E16
-5.033956372153243E15
-1.1683480301386266E16
5.844323147022847E15
8.103158938962836E15
-1.9615832903371595E15
3.2274083659247965E15
-7.728445738113212E14
-8.079970950637905E15
-2.1793845273160768E15
9.234291348109028E15
-5.111738315177535E15
1.0546122970661454E16
7.495790367999851E15
8.077002574588649E15
8.533362651084815E14
5.588049632968197E15
7.983320945043645E15
-8.250291469160515E14
-1.124589047017239E16
-7.771367872210676E15
-9.989021657172602E15
-1.1533032374859278E15
-1.5555670563413865E15
-1.01475204783827E16
-1.2850989585438985E15
7.615092149483993E15
3.8971640302489195E15
-8.090713108348178E15
-2.647030499062503E15
-2.5134886777088455E15
-3.6067970021457525E14
-8.55757769882995E15
3.9471507892285795E15
-2.2156071801290018E15
-6.050595299731779E14
3.774959454615619E14
-7.71482876870577E15
8.41024068728905E15
-8.488969097580104E15
-2.3045462839617025E15
-6.163962147144232E14
-4.4790797574547865E15
-8.907317507983994E15
-5.47261326437174E15
-1.5089468812321328E15
2.6293365083049205E15
-6.642116186271683E15
-2.0304501047244742E15
1.5989582208610262E16
-1.3019654628339126E16
1.135044079915772E15
6.926688236381157E15
-1.1673064745388667E14
-1.9097907853678368E15
1.4178394669694858E15
5.786062326964141E14
-4.101926749835934E15
7.246067667028237E15
1.3196845098163632E16
-2.35156870168576E15
-6.156434169329084E15
1.6400635070553174E16
2.1790632774266875E15
6.901721647593898E14
2.4765488931769615E15
-5.065313282110072E15
-5.059877009841805E15
3.426692259487325E15
7.127203255328752E15
-7.577712756822324E15
2.5726429926807765E15
-4.671460459604758E15
5.503441619306615E15
3.6800202029050255E15
-6.681812923799755E15
-1.842520059642778E15
-2.9984153310096325E15
-8.103337763366173E15
-1.0183981135057522E16
4.247115635500187E13
8.014216251478338E15
7.290402885274254E14
2.2434694555218495E15
3.685807240503912E14
-7.167753825495596E15
3.054878221838689E15
-2.1259799449437052E15
1.397958157034573E15
2.429341412436908E15
4.0912437700357756E14
-1.5860103414398286E16
-7.373041724091621E15
4.4530276661176155E15
1.3494035081175558E16
-8.705879077801469E15
1.450122560568249E16
5.152412220418965E15
-5.824373820108843E15
-1.304395719397079E15
7.65851691343867E15
9.815959821521042E15
-9.941768042618148E14
5.833039669661204E15
-8.070106750620262E15
2.350774840411994E12
5.87523413320128E15
1.2412495662267545E15
3.954525561745564E15
2.6871384566947865E15
1.0813137934974802E16
-1.6947892899571188E15
-7.753829244489054E15
9.142001031715732E15
8.442297777763506E15
-2.7205008407662265E15
9.020376650541532E15
5.592004779689169E15
-4.4639531468299855E15
-1.338359145425515E16
-5.214323303323E15
9.042993844536396E15
-2.5132791451245294E14
-1.0508567522951608E16
-6.24856476426603E15
4.741584204627769E15
-2.067918358719465E15
1.590732700825257E15
6.454320970647008E15
7.44357958706058E15
-6.516306705459828E15
-5.713416427812362E13
2.1488410697965712E15
-2.873161346864006E15
7.438366769482702E15
-8.098199686315722E14
1.910706107240485E15
2.3407697477695715E15
1.402729329402311E16
-7.181584815097231E15
-3.563602888803573E15
-3.7713051791072865E15
-2.0200578662801685E15
6.420137798613265E15
-1.4405431725694242E15
2.1296612650543598E15
-3.17487974226556E15
1.2728901815487334E16
4.16097669150013E15
1.5215680640336625E15
-1.752988462898475E15
-3.613951689223802E15
7.750283949785136E15
-6.32431030625764E15
-2.2449581396557766E14
-1.0683583863385892E16
-1.1715455951614248E16
-7.286676774298198E14
-4.029161475177048E14
7.608044690715365E15
3.021584378140136E15
4.3852176655741875E15
-1.313571455595398E15
-4.2223614770628355E15
-6.921464861151158E15
-3.347393733256581E15
1.066234790755436E15
-2.3715982760269995E15
-1.336937866579166E15
-5.795791657192291E15
-1.8513129894484502E15
-1.1619303617858348E15
-5.883165274947902E15
2.0336540176696648E15
-8.277887587696769E14
1.5246140101167095E15
-2.5289925945842345E15
-1.9264504446666448E15
2.233115012619478E15
2.0851159646296755E15
2.036184402635626E15
1.7823502176953755E15
-1.5603578592550755E15
-3.5072783950388066E13
4.1002461787591345E15
6.017188839543316E15
3.4238751792613395E15
-2.975975624063849E15
-1.2069417840722565E15
1.7706811568410145E15
-1.7965516558857548E15
5.217890473237674E15
1.9555484435933138E15
1.8924990723591532E15
-1.0986583899353632E16
-1.7424361475922832E15
2.805689127246334E15
-5.791476649084429E14
-1.53363321888035E15
6.324648303882179E15
-4.440838860054469E15
-4.0916009455602395E15
3.9136037653602045E15
8.41124932315843E15
5.814193750370817E13
4.816865547762074E15
-2.5017704405940695E15
3.0045512324878855E15
-2.1564372482834858E15
-1.7974250669557798E15
3.2410395523924865E15
-3.9751644680521215E15
1.1568216145325295E15
-8.021089188720299E14
-9.084300853486416E15
4.2741420723593245E15
8.628243326259386E15
8.546091833556646E14
-1.5403368344903845E15
1.9394659121896503E14
3.634104737850614E15
-3.2901623446186065E15
-1.204050713998859E16
-4.977120371646903E14
1.5887538234478345E15
-7.919962449975587E15
-6.780374115360914E15
9.45889007811312E13
1.8019415590029508E15
7.599080543172583E13
-6.392957268584922E14
1.0356103017679128E14
-6.070607493631242E14
2.7054451666976375E15
7.942270199256529E15
5.736333620106329E14
1.364826854987026E15
-1.5799491763989822E15
1.779596620137106E14
-5.722186609664788E15
6.797078569278969E15
-2.2834997739046265E15
1.1977505488075105E15
-2.6105756912041595E15
-2.289525688871351E15
-2.7219453327787945E15
-1.7819873798776158E15
-4.9257024852721825E14
3.703446862704596E14
-5.640015770344463E15
2.7645178997509635E15
-3.8132726440556285E15
2.523148850701328E14
4.828424865868775E15
-2.211631045333212E15
1.1405597561719815E15
1.7890459947803772E15
5.895437737934802E14
2.261606579404232E14
1.944053283100613E15
1.414107125584645E15
-4.1241279142839745E15
6.163820822104908E14
-4.307790178605658E15
-5.419310602192633E15
1.479892226534739E15
3.6007945865595595E15
5.838025913092033E15
6.747145002632099E14
-9.486149468557786E14
4.455047448192229E15
-2.0264954900314995E15
-2.715861578533974E15
-3.0154768264712785E15
-1.0021553289944718E16
5.433770458077371E15
1.9795135199460242E15
8.575348714827982E14
-6.811317970343028E15
2.0752957195494818E15
-4.614228375212683E15
8.666990278393695E14
6.57100324355392E14
-6.342662111418411E15
3.1660931595439795E15
-1.9006240256759132E15
-2.3729036686535675E15
2.1458539513027718E15
-1.194455928267928E15
4.271046246909805E15
-1.2925399642232798E15
-1.4955265036223928E15
1.0353764688862306E15
-2.950567929279059E14
1.876284268647779E15
-2.5402689306661565E15
3.607521963652612E15
-3.292113033491116E15
-6.007913172186435E14
8.5176958562235E13
1.7492705009165395E15
2.5646885044607955E15
-4.930383636199629E15
3.765699842841216E15
-6.935166073498589E14
-2.1424897456182672E15
-1.0745986258358132E15
-1.0947983162285048E15
3.414807655220293E10
-1.6386409440602932E13
-8.049674819396841E12
8.342015213443858E10
-6.8162419879904375E9
5.006037273504158E12
-2.875730378496374E14
8.274898147198589E10
5.165811467374185E14
-2.2657272566858925E15
4.604134753371919E13
-2.8534422084236494E14
-2.6716297194802345E15
-4.628338311293314E15
-2.1192197288307003E14
-1.0401073600838456E14
-2.094649531138344E11
-1.0880537415245639E14
-2.5965687819256727E13
-1.490915637639477E15
1.832803645240406E14
2.902018929381718E14
1.0252781060607179E15
-2.0045014712965744E14
2.8421643991505394E14
-3.104193417325017E15
-3.4114522584805895E15
-6.823946607091165E14
2.298171140738221E13
-9.192575262594018E12
6.177781939132131E15
-2.612014631671863E15
7.901909450388196E15
4.4883346376637525E15
6.847608232692175E14
4.550556356393558E15
-1.6569215926488068E15
-3.695099462903221E15
-3.1741893270836824E13
-3.566547250991699E15
8.696035430884858E14
9.173068709042112E14
-1.029778290646829E15
-3.4368966160880995E15
2.5533013878646105E15
1.960421743331964E15
-1.0581925147704119E15
-1.0432919174210626E15
5.99388615646051E15
-1.6941662096060115E13
-4.624957982841908E14
7.534814831107409E14
-2.7222519172621575E15
-2.1719465853267518E15
-1.0784193199298262E15
-1.1206397291060959E15
-7.376398780672937E15
2.0502048479736835E15
-3.633864079553911E15
3.0324975638174875E15
5.359593279632096E14
2.126827642660048E15
3.0502348172080815E15
9.550297831978816E13
-9.324732485285776E14
-9.831315539561271E14
-5.73435932343339E15
1.9106158752180432E15
-5.4520239000614544E14
-3.7637271460683506E12
7.2049132078414E13
2.343450999430013E15
-2.0560034959762832E15
1.9061775555430914E13
6.003986480184031E14
-1.3107103946631628E15
-1.64350389732698E14
2.0150633405339322E14
-3.148901415373912E11
-3.4323449483466E14
3.1079771215131113E13
3.2230615367526055E15
2.673536108156161E15
-6.224395884694875E12
-3.4679284792303824E8
-1.9718795359259736E12
-6.514882637443769E12
-2.893018347033676E12
2.3167508655788065E15
5.4493497545517675E14
-1.026279201425235E7
-1.7219252564002E7
3.0702076903775075E15
3.3601811055804477E9
8.726846473303095E12
1.8534425608774865E8
-2.9221041393177197E10
-7.824691077516304E14
1.2542630433365934E9
-2.1103215411619547E11
3.0159368890645117E12
-9.112059615626066E9
1.5702040539921545E11
2.721201712930553E10
1.1988903810925037E12
1.7491065579655933E9
-7.702764652042961E11
2.360615779314338E12
1.4651370464194822E9
-1.9464387047710426E7
4.020057264388118E11
2.1422134957789194E11
2.660679639642971E11
2.6939040585446832E11
-1.5820535889386684E13
-8.176521997854615E8
-2.0904039834836088E7
2.0746628630933843E9
6386549.337233513
1.1964899875246752E10
-3.1124987372291055E15
-9.455436796253306E14
1.352930541908107E15
3.5713070129863645E15
-4.4510926883945695E15
-3.081364369171208E15
-2.2165218075582858E15
1.1489258733773292E15
-2.390109974605774E15
-1.7337276796243152E15
7.245272933404841E14
-8.984729236628039E15
-3.140485655846838E15
-1.267259815783271E15
5.739038928522085E15
2.682314661678997E15
2.5581894996143545E15
-2.3886570038583165E15
7.342381979470106E14
-2.5081774688790325E14
-2.926079958134336E15
-3.642820423173524E11
1.7670484898471688E15
2.085446814250975E14
-2.1708369325596428E14
3.6118336871719125E15
5.493977684012667E15
-4.532203556481823E15
4.1648200124267844E14
-1.7643925994787412E15
1.4687060354825592E15
-1.4527750106125255E15
-2.3504034604327335E15
-5.189154213979088E15
3.689896946063403E13
-3.0395167967381505E15
5.631260633064213E15
-3.051119125033966E14
-2.4006153727372615E15
4.774445471319558E15
8.770541791588887E15
1.5292966102490753E14
-2.0327657779827798E15
3.2718761083241935E15
-1.6123721618835378E15
4.928843537425795E15
-2.9990275506296955E15
4.784044121883563E15
-8.576805147661649E14
-3.638507359709235E15
4.3927415775561835E15
-3.267355224482084E15
-5.195684116368665E15
1.0245920685972928E15
-3.087563256661788E15
-5.1028842194142575E14
4.195903553911975E15
1.2515704225187238E15
-2.9547978132104E13
-7.042943399528811E15
1.788104538603583E15
2.1608396171932598E15
1.7910672417889503E14
-1.0223474038508749E15
1.4401312655864702E15
-5.466655467841746E15
-2.1965060305737535E15
-2.947740681921225E15
3.204133449055529E15
3.9880254813327055E15
-1.5475441473927412E15
-3.600685556714062E15
-1.3535435446691755E15
4.0771836901049705E15
-5.904878296010166E15
2.6735008575706565E15
-8.904414652779861E14
3.1655827867910825E15
-1.0605042513204347E14
-4.643216807015638E14
2.7084149600700072E14
9.246198071800349E14
2.7497775397586335E15
7.3407954246506E15
-2.4774891158560935E15
-2.8903642802114075E15
-4.190468303496743E15
9.630079324108866E14
-1.9766591213473375E15
-1.4594235306104498E15
-2.292908335301939E15
4.5763511773823175E14
2.156441742523763E14
-1.8001299305852142E15
3.3398142640773385E15
-4.0218323304396605E15
7.476077383652818E15
-1.453424337375849E15
3.114295326034929E15
-2.1098302193336703E14
-3.6811587414931865E15
4.4629725232219625E14
-1.197898824059602E15
3.1344463716547835E15
-4.1388398724287775E15
-6.049275487918968E15
-2.2405126811608345E15
-1.7581132376077925E14
2.0118144732096205E15
9.871151550647386E13
-1.2161855121692967E14
2.972275031182984E15
-1.3309728775906828E14
-9.23367303716156E14
2.191884734653951E15
-2.910467570722533E15
-8.59232894029327E13
3.058300078143958E15
2.7104674652012828E14
9.719622087093122E14
1.0324701613435518E15
1.7875814821760982E15
6.486832100371436E15
-1.606925516003725E15
6.375599551813396E14
5.164178034561448E14
1.784286139196779E15
1.235938185175025E15
-3.007088715013891E14
-4.779646930083925E15
1.305578227257445E15
-3.9841107442054745E15
1.6301569029742662E15
-1.919382702945137E15
7.029618361762269E14
1.9307445633317815E15
-6.77108672571329E14
6.214444297438912E14
-1.8685249782322675E15
6.28146403876489E14
-4.4756120712318185E15
-5.018753602215058E15
-2.3520956176270795E15
6.550416227299564E15
3.964088027649684E15
-8.386229892139136E15
-6.250055835561249E15
1.166965962168302E15
3.445417760791148E15
-4.150660814813725E14
-3.433139460382592E14
-1.7950798689612688E15
-7.200698173168305E15
8.271804613114612E14
3.491948002987272E15
2.1696412149173862E15
-2.7621679455857345E15
-2.3667046242419315E15
5.265178904402413E14
4.008016678314481E15
5.913473936124236E15
1.960301282663296E15
3.3868809777641125E15
7.185761846471815E15
-7.923190686006141E14
7.240048556896711E15
-2.3490342967086555E15
-5.610673639551352E15
-3.8133480573436015E15
5.993418468613832E15
1.061206693935537E15
-1.4451484868551362E15
-2.2465447144349108E15
-3.4097388280716585E15
1.492326426187081E15
-1.162790546393252E15
-2.579396948154173E15
3.7151773320747865E15
-1.129442615589272E15
3.610141982898856E15
-2.1732204328733828E15
-4.884608995679048E14
6.32434618520675E14
-3.704266892467908E15
3.940108023599399E14
-4.1618509136126655E15
2.2489785252543585E15
2.1435846209820962E15
-5.3774160781731856E14
4.8346506134251444E14
4.4993567403942395E15
8.777945914045954E14
-3.903984557302984E14
3.623900800938179E14
-7.090536395937774E14
3.56513710100843E15
-7.310983006089413E15
-8.796328387718908E14
3.840918575380488E15
-1.6108665499052685E15
3.49816150347293E14
-6.703500163428758E14
-1.3580538997946344E14
8.679893279716005E14
-6.198800578554508E14
-1.0650720033910206E15
-3.001950766074818E14
7.027822348930569E14
7.731148099343918E14
2.4655505287251838E14
-2.1965725410011594E14
-3.5240668889991855E15
2.343570263436588E15
1.8834045591963345E15
7.535849614095304E14
3.6634287970912385E15
-7.01448006442342E15
8.89309903830534E14
1.797948671262559E14
4.2166350765232765E15
-4.794201081830709E14
-1.387572707600874E15
5.96795611797929E15
-1.0938729779821431E15
-5.762521693103908E15
1.1886829070652027E14
-1.4804662737400118E15
-5.81734430967721E14
3.9289378211463825E15
-7.842520105127015E14
2.5048640538799625E15
4.313248108809781E15
5.892744689361458E15
-7.173814867516648E14
-1.3649198731213712E15
-5.18547405304673E15
8.152144604310566E14
1.2792201330548185E15
1.8111357850100378E15
-3.891701983582349E15
-4.85783701108636E15
-5.636719971679337E15
-7.671045081311502E14
2.051641262971069E15
-1.3159439904343267E14
1.6294006026247028E15
3.5492809140293655E15
-3.674929798566799E15
1.032274078642225E15
-5.735302699322164E14
2.395799434513039E15
2.191339369622198E15
-2.3473649476948455E15
1.3553725088599505E15
2.746581531523889E15
-1.6562073606641672E15
-1.5698328110622685E15
5.108547815771863E15
5.827368037677695E15
-1.6251302265580138E14
-1.5393481380613215E15
-4.347219146732601E15
-5.377477665205632E15
2.813013113539962E15
-1.4382178210206445E15
9.279243183313881E14
-3.932579024477121E15
1.0180209778266001E15
3.735008264090999E15
-9.683947538764758E14
2.3215553098379015E15
-2.8051560589957115E15
5.588633846457481E15
-4.591397870012263E15
-2.5158876701308165E15
5.804028167759328E15
-1.6888412444385252E15
-2.5839941556054175E15
-9.617216476326546E14
5.885489446166578E14
-4.767065214754549E15
1.0662107948055424E15
-4.230299746240658E15
-4.2401002091418556E14
-2.481107132387519E15
5.009211158367416E15
4.466603257681122E14
-3.2089942799696205E15
-4.3803138725510335E15
1.0164289347571839E14
-5.273911919578117E14
-1.8414084350739012E15
1.2181364980254982E15
1.8772076214642322E15
-3.2520655330560225E14
5.140267772472174E15
4.753135853839148E14
-7.801465168945945E12
-6.299884032924552E14
5.985196004364432E15
-9.564879320343835E14
-3.086733912061197E15
-9.445556815971652E12
-5.926699423473418E14
-1.3018512208226882E15
1.642773598806591E15
4.4251066807013025E14
-1.9372308867034925E15
-3.796318781632075E14
3.633657307607298E15
2.479177498120176E15
-1.1862027690226422E15
2.460831714974774E15
1.2388810611473325E15
6.347639042122796E12
-4.4743820265121194E14
1.2068915561804578E15
-3.1041214192910995E15
4.042433667928195E12
4.607516688958846E14
3.7330332023226356E14
5.0918089474059475E14
5.794825402431543E15
-2.5288010359560862E14
7.275070777780756E14
-1.875730593214804E15
2.0833170976062482E15
-1.7045346669586678E15
3.4556536305576265E15
-3.6776255764299956E14
1.034855333924659E15
3.436365884726262E14
1.1072093801852095E15
-1.9228105421678382E15
1.147161621782764E15
2.0257060053933985E15
-8.606077012783046E14
1.0476654056308405E14
-1.2400538321274332E15
3.222033635531596E15
2.21565236974092E15
1.789898264134025E15
1.8381993409898838E14
-1.911586490862464E15
5.303912878394819E15
2.4720237329036905E15
-1.6614889708736028E15
2.662153057126306E15
-4.8870952680167225E14
-3.1544711558972675E15
3.811936973507143E15
-2.414601976800617E15
-1.871576958880959E15
4.4880626761860905E15
7.362177708552135E15
4.590706123733811E14
1.9576547693233025E15
-4.1684781985195145E15
2.8491170077098656E14
-2.792045216108163E15
-2.750443348679311E15
2.3019576339750385E15
-2.1023405532245242E15
-2.8899349419840005E15
-5.513743377127401E15
-5.256906063039658E14
4.945874564514899E15
2.620787679332385E15
-2.5833208602342055E15
2.0228964799072318E15
1.086016806312194E15
-2.281901169073168E15
5.85026820207177E14
-3.6561736394718475E14
-2.710245960775885E15
-3.5355400867219975E15
-1.5106958819577938E14
-1.1321397326178702E15
4.1533140584752065E15
-7.239819545512518E14
-1.0790990809503245E15
-7.051590922218792E14
2.8447928419343645E15
-1.0878416563062858E15
6.728299816610834E15
-5.20200910702174E15
4.863332876125595E14
1.3606333629001938E15
2.3499100851393315E15
-3.3392543790036356E14
3.0405455723471426E12
-4.5769876412997016E13
-9.677248323087908E12
-1.0262792014405906E7
-2.2198236806399795E12
8.935129970008826E12
1.0840899092083399E15
1.4909005421135572E10
-2.4096084239215845E11
-7.106158679621974E14
-9.840666609276818E14
-4.779070668909347E11
-6.663808972806125E10
-4.13943161495361E14
4.742727554407251E12
3.0753817777419296E10
3.3706324815724705E10
3.223324017522406E14
-3.998173084178169E12
2.749319948691867E12
7129672.987788518
1.1296140349048842E11
-7.156979620616752E12
-5.911188011918183E10
-6.4396936976747314E10
-7.148125527979466E13
-5.013197947201931E12
-4.942303988899364E9
2.1804935898055126E10
4.943162548945086E15
2.721535027128281E14
-5.081994687783412E14
-1.3475881661605968E15
3.1813096978806805E11
-7.243158002243141E14
-2.5524131299952525E15
2.9615038087648825E14
-4.2778215474884144E14
7.412119479828569E13
3.700542493302699E15
-4.645545808451941E14
1.4892153023860212E12
-7.916603036970348E12
6.728928513928606E11
-1.227953119392641E15
2.9176985582837775E15
2.9645382556855445E15
-3.087027279011488E15
-4.683883309426163E14
4.269356571084017E14
-4.3042970179434244E14
-1.3449202706453435E15
1.3185870676578523E14
9.087959497950192E14
-1.3535274037124705E15
-2.695657002836938E15
2.8827772473221875E15
-2.849682148534744E15
9.484771069576461E14
1.7262440385252802E15
1.1973578683584514E13
1.493710397163246E15
-1.468031263163281E15
2.4989006677846785E15
-1.0029714414830472E15
-2.532483331405446E15
3.6381231099593295E15
2.773476581576983E15
3.667144694558813E15
3.983099022295392E15
-1.421180752757106E14
2.6415160337554955E15
1.7755100902421728E15
3.3245291437275975E15
-1.9376374960740678E15
-2.163673830806158E15
2.4188053465191345E15
6.618898327908569E12
3.350724771880173E15
3.7721806049397356E14
-3.917297299200729E15
2.059300145642388E15
-2.4902238993751465E15
6.077448542731076E14
2.7209305557410905E15
-8.510060847413652E14
-2.847213887928806E15
-6.048767134158878E15
7.414666763885872E14
1.4507316522598412E15
3.7005605366503905E15
-8.817643513559755E14
-2.5694697855600895E15
1.2518370652682444E12
-1.1766650389977153E12
9.98149987823621E14
3.536244882462088E15
2.861113131829149E15
8.500803813574491E14
-1.4589735744238222E15
2.8410733143441544E14
1.4959479500206947E14
6.453904670320082E12
1.2609613045330414E14
-6.146976528571886E14
-1.0467580745994312E15
-1.7513413153310758E15
8.037858271402502E15
-9.460272687118606E15
-3.9603278567508734E13
-6.898561651096292E14
2.5296748780553223E13
2.3587310034048085E15
-1.983144040907831E14
3.057209523435591E14
-3.6386727039720245E15
-1.3442385405038692E14
-3.8012588095937806E14
1.6560842155366615E15
-7.894693541076703E13
-2.0244947278108962E7
