-1.032479345921349E15
-7.162311590289596E14
8.32582773337805E15
-5.767888444785348E15
-1.488402606897994E15
-2.897961820435811E14
4.054883247460177E14
4.859858353099908E15
2.569233668423268E15
-2.6744457947367315E15
5.913139812869394E15
4.592135225471742E15
-3.074674483786399E15
1.559176688915102E15
-1.0790663345783039E15
-4.2852419533255315E15
4.089088836034802E15
-2.905335041302859E15
-1.4369321046911182E15
1.1361255108184242E15
3.5783275343427075E14
1.0603358121839726E15
2.2123506745751248E15
-4.859325870956369E15
-5.235944960256743E15
1.2182951442527558E15
-1.0449581555638684E15
4.62738789296196E14
1.1505316174944142E15
1.3689416577085262E15
2.0226084320125535E15
1.1635054561140362E14
-3.9735129330848706E14
-1.0864077311178156E15
1.9021992949743175E15
7.58440207299248E14
-8.102266329607286E14
-4.695203185383705E14
1.8575168711493225E15
-9.303897595633208E14
-3.718982846369469E14
-1.7986742419487215E15
1.0415598129240762E15
2.4463010733675797E14
5.711660273189739E14
3.768624086899015E14
7.78407268851529E14
5.974123941154975E14
1.4971124293211918E15
1.0446854387331281E15
-2.8092469604137875E14
-1.0900745368687276E15
1.213453401148277E14
-2.0898409644331795E15
-2.8103366729805947E14
-3.031107335825811E14
-2.4932896486792597E14
-1.0652866861130832E15
-7.132893181713766E14
-1.0370356184568072E14
5.226495322589857E13
1.5602186743446353E14
7.69938704538317E14
-3.310070262875508E15
-1.1309096808559592E13
-1.8108789362728788E15
-1.1544663977925665E15
9.628511971796025E14
1.2232737424257528E15
-6.461257714151074E14
1.8338857679829416E14
1.5942825034574872E15
1.0546298238895835E15
6.172690862525896E14
2.6694568045751203E14
4.609736911166478E12
7.502230642569578E13
-7.4899019980905E14
-5.776739203310515E13
-9.01640533330516E14
-1.505569377428364E15
-6.351554657640522E14
-6.043358095109863E13
-9.255900719769262E14
-1.8891369439203295E15
5.361218843506409E14
4.401668696521438E14
2.3249472659910445E15
7.020387696401512E14
1.582297753193112E15
-1.116449800408673E14
2.54328282914083E15
1.1843822906816678E15
1.3197378190845628E15
2.139395446651267E15
-1.0734130640972645E15
-2.2622873045290925E15
-1.4726306148620268E15
8.653044601043642E14
-3.4633943204454425E14
-1.813613733787095E15
-4.737249816256484E14
1.2030665220459448E15
-1.0004274929172785E15
6.79883467587902E14
-4.3075565360692756E14
4.43784544691465E14
9.409847600315515E14
6.521061070087544E14
1.4167785572543768E15
5.382942056783834E14
-1.637637813421963E15
9.479197512743125E12
-5.721323457239182E14
-1.8077241481787845E15
-2.812023814258019E14
2.6602750796377722E14
-1.0631957695267472E15
2.322677985759748E15
2.1960650463419266E14
1.180696806118142E15
-1.00639749757241E15
-3.185876973350643E14
-7.907714847335828E12
-3.0067464902856555E15
8.477652041946161E14
9.14299364604088E14
8.24769084080359E14
9.328388724338144E13
-1.0919775562544244E14
-1.4148167913986485E15
-5.417635021611116E14
1.9244841789364788E14
-7.334563505338948E14
-7.599084022232144E14
2.044405853979668E15
-1.5563461742224268E15
-2.6774603139965066E14
6.482377811440511E14
-2.3809614216276275E15
-4.355347064104232E14
1.7079963082221612E15
-5.261181982470441E14
-8.023993905126092E14
-9.616065310296224E14
4.048118584162982E13
1.5251620867571592E15
-6.917895689298094E14
2.3726281784176656E14
-1.6416800848769428E14
-7.214956846922499E14
-8.629733412288669E14
8.655468966308918E14
-6.314412437324361E14
1.078057734396939E15
1.0235570821928062E15
-2.1131871818945005E15
7.760065659198868E14
2.6416227793836156E14
-7.52226075880731E14
-8.852583255568222E13
2.8932696334402637E13
5.4084080228203575E14
1.9992979759478428E14
2.150338331159695E14
-2.0733310890335612E14
6.460856191152251E14
-1.4790110914365738E15
-5.202371124110221E14
1.3765130844017292E14
-1.0503901976539324E15
5.258600482419356E14
1.2648861504705258E15
-6.524473734475231E14
6.484898484140738E14
1.5002380980179425E15
-4.0033058774922144E14
3.208086341513449E15
4.778400143934401E14
1.1478633127218898E15
-7.96136788251871E14
6.297293667156426E12
-4.6089119253750544E14
-8.5159831009937E13
2.5747085609154145E13
1.9218716668824405E15
1.035043777998463E15
2.1176332475592544E14
-8.435788785452535E14
1.1248903709031856E15
4.4710719658663606E14
-9.930891576026995E14
-9.357434533259006E14
-1.0193225995459999E15
-3.141817306835943E14
-3.7559019570898056E14
7.12756045516806E14
-3.924776946381254E14
1.677208343406117E14
1.635653432770187E14
-2.2857508957525316E14
2.696037762043114E14
1.4083288212998547E14
1.7788761037302128E14
5.982888132533231E14
-1.5306077848027322E15
9.027963840035641E14
-3.846915419843446E14
-1.6002041735368412E15
-2.6492492941070994E14
9.490427645056645E14
-1.771775792341611E14
-1.2891805008159181E14
-8.371671437064954E14
4.614869280149762E14
5.228268089824811E13
1.2488880762740692E15
5.735905774702375E14
-1.206639546204002E15
5.613704544103864E13
2.6823248378448372E14
2.099683504948046E14
9.779232759084398E14
-1.5746291757819062E15
1.8530441096714788E14
-7.940079281839027E13
-1.143169172186064E15
3.9514462126584044E14
-8.029429659494355E14
-3.344873774502063E14
2.0631938234668428E14
7.63502170715208E14
8.708519725935369E13
-4.853009148120589E14
-9.669111617531036E13
-1.8339131442452647E14
8.64927593322517E14
-1.279559083378263E13
-1.245713652999741E15
1.753440453028146E14
-6.0817726488566E13
5.78641573478999E14
4.999811155005111E14
7.964771699158631E14
-3.704792936853608E14
-5.760625208716476E14
-2.6248399819432275E14
9.44298169937032E14
3.665580094179584E14
-3.7167736965419775E14
1.3367169512742608E15
4.080374053634289E13
-6.136428386545605E14
7.132240335322548E14
1.7688981244412997E14
-5.850417421195702E14
1.2319923408610155E15
-8.030667771758709E14
8.287723664454001E14
-3.8894700307082195E13
-3.969215254675175E14
-4.058986853538683E14
-2.936949691552761E14
-7.859104835482705E14
9.562234931103986E14
-4.628278851883389E13
1.9991408191374628E14
-8.013384643007629E14
-1.3468663739602612E15
-1.2819641523094705E14
3.8268074396662975E14
1.607389691539635E15
-1.7909093003149005E15
4.940561107481559E13
7.020468429001353E13
3.48179575895629E14
2.3978368937611812E13
-4.4740142063163294E14
1.0204092399980175E15
-6.949579919544321E14
3.6992948842593556E14
1.1144504994284065E15
5.131308854579591E13
-4.223623987421358E14
8.50691678350032E14
-1.191992198610547E15
-7.227248756028188E14
2.8023368426069428E14
1.1872790574903615E15
-1.3811305066146688E15
2.2855141210205153E14
1.7230010132323775E14
-9.430391962372906E14
-4.702184393401152E14
1.6119878830952397E14
-1.7869033698383245E15
4.0994822298041206E14
5.867377580065508E14
9.328895059240005E14
-1.8223387207495862E14
-6.890583715782259E13
2.1914452095825853E14
2.833827362739884E14
-5.081314527595444E14
-3.6511753710736E14
5.1241293017928206E14
-1.4634563819759538E15
1.348420176258172E15
-8.802068077367E13
-2.2504574777206166E14
-7.760723534552995E13
1.46445476368559E14
2.039501474139644E13
1.1091731554178416E14
5.759485340363708E11
-4.308953553244727E14
1.004434266431605E13
4.0239036626850344E14
-1.8084704364873856E14
1.1617521029658572E13
2.941616172549144E13
-2.669688615861702E14
-5.775555758280962E14
-9.244986393929453E13
6.083114390327849E14
3.021636354319323E14
1.0434834925268181E14
1.3019271833994015E15
8.683266186029364E14
-7.653240723048694E12
-3.908717843601504E10
1.2261911708365625E12
2.267722504862759E12
-1.0618009980288465E10
1.560014663995183E9
-1.3132034790707214E12
1.612644659362715E14
-2.897057572738805E10
-2.6252177645967098E13
-1.92559035958287E14
-4.635832517283843E12
-2.699242139689857E12
-1.2972011718637962E15
6.307839690979038E14
1.058575198262878E14
-3.0816315388882583E12
2.5494075033426064E10
2.0045484540075438E13
2.6621550398898895E13
6.860292581598698E13
-1.7375526762951347E14
-2.6204832955290194E14
7.196223734466265E12
-1.1815580822091398E14
2.5326263235151023E13
8.395723758751726E14
2.2432363375231488E14
-1.314182127450313E13
1.16569170607466E13
-2.3250803052623758E13
1.4495386541353862E14
-8.672458271617019E14
1.2476283353546522E14
-5.74843917156209E13
-6.788573629368248E14
2.443863869118222E14
2.6359849539352375E13
3.089057545875609E14
1.4019946102368655E14
4.037387217621222E13
1.893022306455683E14
5.5878148029451664E13
6.490288926886694E14
-9.45833318220024E14
-3.461981710984162E14
-5.4424272509188944E14
2.249315930420227E14
1.757292697003767E15
4.575110779801453E14
-1.0532600113133769E15
-1.2724941142532542E14
-2.7134144795955194E14
-8.878691225113826E14
9.645840801945919E14
-2.7242781666639656E14
2.80399951678416E14
1.0296354066069835E15
5.074953799209313E13
8.670322746032914E14
-3.9489601423447425E14
-1.5714685485551825E14
-3.191289873726792E14
-3.978421114454859E14
-3.347141251639896E13
1.9071882516956506E14
1.422637562703554E14
3.58012874836881E14
-4.5714486901163244E14
8.597349667154997E13
1.5322854635887112E12
-4.668635791642121E13
-4.2617197068449356E14
2.1397158052798816E14
2.2874952829048456E14
5.5804207469066305E13
-9.593018965079723E12
1.117983839526952E13
-1.4596609817281543E13
2.393059578785383E10
-2.108721500388361E12
-6.148894015023717E12
2.489736581234288E14
-7.000650497281985E14
-1.275539256671045E12
6.18690780543177E9
-1.7407297982996042E11
-2.620400327228766E12
6.578317861602877E11
-1.1072233159565816E15
-1.0952691782553245E15
-218734.49399725487
-781013.1187171753
-3.8736962705013766E13
-7.470541995737135E8
-8.686884979314093E10
-3.184901681813401E8
1.1223433210745886E10
-4.5901263157619106E14
2.5891716209700486E8
1.684888249350932E10
-1.173716683255782E12
2.1316063465303917E9
-8.061217873813962E11
1.077185236950856E9
2.300983832676855E12
-1.0667118108798035E9
1.3554949629451382E11
-2.501401285018756E11
-1.4166567472959454E9
-404064.078577624
-6.007376789726035E10
-7.662165457885664E9
-3.4387155360222054E9
-1.2901365097143717E10
9.074447547330121E12
-6.730819827063286E7
-401971.7513370889
-1.1976997882218781E8
98486.21671865408
-6.107545321918023E8
4.9552032086676306E14
2.217112977613813E13
3.0002184931746456E14
-7.188519688412674E14
-3.163955811636398E14
6.187782057236647E13
-6.75413658547613E14
1.0255446840436711E15
5.567901587892866E14
8.051710910325089E14
1.8297788138031366E14
1.46744369913241E14
2.718268480837583E14
7.680519348006729E14
-2.320603677651132E13
8.520646262702763E12
-7.772981819865234E14
2.8764674069106175E14
-8.245209090690636E13
7.06146957993108E14
5.443700911567863E14
1.5272866920410498E12
-6.260598630676494E14
-2.527737258230364E13
9.316048336108188E13
-3.9215190370380744E14
9.571334731765072E14
-9.09722309182826E13
3.4324982669815273E13
1.0751154704871946E15
-6.787137473018904E14
-8.892852145232074E14
5.220985056805484E14
8.985101982157718E14
-3.7277282922274195E13
6.3313713795739164E13
-4.166928134877941E14
4.523644169303917E14
6.710587549990578E14
-6.386314403961042E14
2.5364405948074147E14
2.0342300247407022E14
1.0874263341065099E15
2.358127537593257E14
-1.1979297656358681E14
-7.965872996202214E14
3.97556964481189E14
-8.169947157955564E14
3.294289265323274E14
8.29055971309117E12
-1.7484882068598453E14
-8.358142416778582E14
1.890481317093493E14
1.0462165419921666E15
1.3643264046514192E15
5.0671952465973656E14
-4.5229022983980956E14
-1.3158396286642308E15
-1.2134454794714942E15
3.0940049088483856E14
7.832700275353428E14
3.150482510158963E14
-3.196798060316467E14
1.2736308755318338E14
-2.1229812042973984E14
-4.147455244365574E13
6.215909172152636E14
-8.465250927734308E14
-9.48675971470642E14
6.061568422158938E14
3.9022990553215275E14
9.293061845325134E13
-2.0576535551393788E14
-9.208380469359954E14
-7.548548680600334E14
-3.815066775876057E14
6.346441122107458E14
-5.552641057102193E14
7.953195682267111E14
6.844656736938182E14
5.77110303008575E14
-7.584745210803664E14
3.1689582554741894E14
1.7618763968761125E14
-6.02256629749389E14
5.186835779314397E13
5.6205323457424375E14
3.529741992383236E14
2.1004710947409834E14
-9.752747132082454E14
2.0738572702100966E14
-1.4575073374925281E13
6.14959983099356E13
2.7264577699975394E14
4.3375545222796556E14
-8.536807379921992E13
4.864094063731233E13
-5.077856652955536E14
-5.130560108769618E14
-9.293628317738815E14
5.352796182138908E14
1.962531130501523E13
1.3819882441038335E15
-1.362747560472597E14
4.303678108384731E14
-1.804295530378655E14
-2.4920987843751716E14
6.189721071229273E13
-7.70641076038514E13
3.5201451198181875E14
4.333547872959561E14
-5.257891599902346E14
-7.378234931651282E14
3.1562676254175975E14
-1.8368796009407044E14
-8.721503441622928E13
1.3742030831200564E14
1.3093732346232488E14
-6.133242492086939E14
-3.448001091817512E14
3.6469018935332244E14
1.72161159814365E13
-2.506304336955163E14
-2.5644053170825303E14
8.530813056933039E14
-8.194401639199276E14
1.1580422528954795E15
-1.2429926943596905E15
4.46353846174385E14
1.100636300258105E15
1.3032974100007825E15
1.917637003083393E14
7.356475981128411E14
1.1586056774718888E15
-6.3684852487038266E13
-5.966906981617621E14
-7.526987362708475E14
-2.6726295649611853E14
7.308216808007478E14
8.136751787416451E14
-1.9697026758418605E13
-6.187038133545185E14
4.997633660900984E14
-1.037175054645353E14
-2.4036807999842306E14
6.260109294704279E14
4.824311615034995E14
-5.417349652735614E14
-5.543395037711106E13
-9.255919554034104E14
-3.910423045206196E14
3.7682359876494425E14
1.2667596577377792E15
8.565085928357745E14
-5.56413105913216E14
-2.1753560644051588E14
7.119412562286939E14
-5.69685680378414E13
1.192109416233416E15
7.958085378650626E14
-1.3725190366155405E14
-4.957396517591835E14
-1.2108080085473795E15
-1.0178551630440612E15
-3.7204215317662125E14
1.7019520154899894E14
3.375773106215929E14
1.4486030179929962E14
-2.4956886074427428E14
-6.593118016692775E14
-3.6887778504774825E14
2.9704188141137775E14
-2.7239506503344416E14
6.569155392967129E14
-1.1881708552361897E14
-5.855686094711339E14
-1.6453425478935856E14
-1.444549922992806E14
4.6671048560953906E14
2.3435038123191912E14
4.429177869543886E14
8.401126807588291E14
-2.7205461129522332E13
-8.660729204294778E13
-1.2626487030342735E15
4.4992414179601294E14
-1.176232869820958E14
1.3412350394755978E14
-4.7834966461382675E14
1.1482120130062995E15
-6.674485304113928E14
3.8545232214051744E14
-4.4275081481435575E14
3.583681322058618E14
1.789462955361197E14
-1.5982428067772822E14
2.335781811566131E14
-5.099911469545926E13
-3.2594092996496056E14
2.676528714562714E14
-2.8616472825801356E14
1.4320504352584756E14
1.4224440015025153E14
6.133200311415228E14
-1.8468052966946934E13
5.95238010059065E13
7.8151787210066E14
-3.4528279019745223E13
-1.0712554111477823E14
6.8713360647755625E12
-6.8599128889560695E13
-9.381913671044295E13
1.815640491385415E14
-3.480631610858886E14
5.093178802473845E14
3.0052864432932894E14
8.416507234946336E13
1.0604079775471254E15
-1.248160109755206E15
5.3053863431939844E14
-5.4090676827091544E14
-1.6701434167533006E14
3.2092234957336056E14
5.443710578629185E14
-5.913015079527715E14
7.287530520483142E14
2.1738143468116494E14
7.485148153330595E14
-8.795109097609555E14
-9.091994234627245E13
2.137138108038279E14
-2.6682166845100162E14
1.5696013332125389E13
-2.2503345581974006E14
7.252857848495114E14
5.108706992813077E14
-6.855283396197206E14
-2.2258522525228788E14
-6.996305798506522E14
8.191003983514806E14
9.005939178015964E14
1.6346610625620995E15
-1.421493985026238E14
1.05491031977892E15
-7.228790716091231E14
-1.0851849157675059E15
-1.1302116277802992E15
1.5712336562885485E15
-1.0074870649649812E15
-2.7696642338889578E14
5.992442217316951E13
-1.0253485374807181E15
-4.8689378776285706E14
-2.4659931894527784E14
-2.6145345742592262E14
-2.146101023925872E13
-2.1461181733669825E14
3.6966907433537006E14
1.6732098251037822E14
-6.479003839582308E14
4.4108805890481606E14
4.932794468784455E14
-4.896210664492817E14
-1.3442206644275133E14
-2.3059645674984222E14
-6.11355626816802E14
6.086391655551442E14
4.6564198834244006E14
-1.2026366806133458E15
-9.191550126203948E14
-3.076761961314339E14
-7.944947629788512E13
-5.983039243189775E14
5.363619155352579E14
5.2163540479920325E14
-1.0647117545431042E15
-3.1109590580679156E14
1.7337502194354162E14
4.622660429200167E13
1.6528608388713375E13
1.2952737160002542E15
-1.8926029341910397E14
-1.9450895965894684E14
-6.773636346363686E13
8.228665544538745E14
-3.531917272602572E14
4.60071136981749E13
1.0336823942529071E15
-4.4893617295244706E14
1.5946944055386112E14
-3.771110398124105E14
-6.269820936729521E13
5.3614012311031555E13
-4.448243224992894E14
5.199093299478823E14
-1.717699928706656E14
3.706490894430209E13
-3.049277394868138E12
9.049042820102975E13
-7.897615826766049E14
3.8160402724153225E14
1.81660872797406E14
4.801730500910805E14
-5.1614179940857406E14
3.6643830548993506E14
7.237421593801036E14
-1.274369304054216E14
1.5735011034931838E14
-2.1980752758785253E14
-5.063043348934449E14
7.718926798962418E14
-5.466155207148198E14
-1.2196312845351219E14
3.7858711105755266E13
-3.100386581781909E11
-4.5925490963905586E13
-1.424283383322424E14
5.22455940651627E13
-1.4678396671821208E12
6.884936094782804E14
-1.51345636654299E14
-6.411279476481604E14
-3.0217265957684356E14
1.5404279782613883E13
-8.05773473822767E13
1.870315503473076E14
-3.0431975561129175E14
-1.2594538815071373E14
4.5446013470683325E14
-1.2201417782982017E14
-5.87983252508857E14
-3.822348005015275E14
-2.696266461188318E14
-3.0218843021437944E14
4.76910070174578E14
2.4499232293045566E14
-2.0270981809587762E14
8.442767948212795E14
-7.55917483805513E14
5.3435536382647644E14
5.4066788936183744E14
3.5366197966892275E14
-6.578748246619255E14
2.4740525805730647E14
1.119189835746556E14
5.63463509191229E14
2.8168105521117475E14
-1.4138606789616155E15
-5.583740499918651E13
7.630494161406476E14
-1.6836177396465055E15
-4.8787801264830325E14
1.1711220061419925E15
7.041753448382779E14
-5.344649161714557E13
7.320377184225661E14
-1.7506181178348715E15
9.101782219701089E13
2.622162674725756E14
1.5222259684985031E13
7.079300240656216E14
-9.936883792333467E13
2.9679810637743075E14
4.518702083581847E13
7.667882271574854E14
-8.283021620529083E13
-9.769457697520335E14
6.255230237872625E14
1.919139846423572E14
-2.6886114478859275E14
-2.836605100201357E14
-1.4163624924478332E15
5.264357819294367E14
1.590790121244813E15
5.711815749149925E14
-5.4129391683238044E14
-3.583033482697653E14
5.914131650785075E13
-6.877668664466122E14
-2.64656662564951E14
-3.9802039916987425E14
2.0210524586506184E14
-1.6296500678075066E14
-2.4686110886698594E14
9.049434767761606E14
2.3263561927356806E14
3.1791514176238135E12
-5.2585369797355394E14
3.0123390086599575E14
3.61880821762507E14
-1.63207253333625E11
-5.827430213174034E12
1.291315489574649E12
-218734.4940004421
4.982125243236321E11
-9.176904064252715E11
-1.0611842367796406E14
-1.4138060705515985E10
1.3868780229357782E11
2.989456670731739E14
-2.1818912289527184E13
3.1151843781331604E11
3.086241555745801E8
8.492264786997705E13
-1.806022429697131E12
-8.980161225215221E9
-9.677417032001795E9
-1.4749208883119575E14
-2.6681748931528195E11
-1.1054519877542646E13
1.5018436166792449E7
-3.661218047497804E11
2.380904479795837E13
-1.1473069721819775E10
2.5906728243276783E10
-1.0757466147043145E13
1.680838887865859E11
1.7456462629027503E9
-3.8245315905950775E9
-7.926337921331692E14
-1.3844471706147983E14
1.7579983859416281E13
8.344844489331039E13
-5.6962132515316666E10
2.0722116813025172E14
2.900279149063434E13
-8.214255517241911E13
1.0583194999884753E14
-8.298540363049048E12
-1.809231427576305E14
-6.274714980677811E13
-2.1903132103625144E12
1.0140523620549625E12
-1.671497176955135E12
3.992619482724728E13
-1.2448417767147734E14
4.5324227862439675E14
7.858384298360288E14
-2.920899603435833E14
1.120736347012097E14
-4.327647855707441E14
5.231043642972768E14
-8.792165628981516E13
-1.034292623062354E15
-9.62876597601059E13
1.1973446090418105E14
7.911211010474825E13
-2.1697737465806116E14
-3.645806235229287E13
-1.133030675080793E14
1.1498351364047897E14
6.272616416470704E14
-9.495547465513139E13
2.4557385295107566E14
2.2212821146121697E14
-8.192163013610395E14
-2.3999461782144412E14
-6.946545065392886E14
-1.4125934277948365E15
3.5918405094502294E14
-4.9242039386734125E13
-7.728955324187965E14
-6.8872989842064E14
8.782248400427E13
3.325689559017107E14
2.0684149434751438E14
3.5034412504417156E14
-5.0622050303731294E14
-8.526573544299673E13
3.5268791576987225E14
1.5685847675095666E13
-4.186700037649688E13
-2.3181445667512384E14
-3.295508287964546E14
-7.053153109049427E13
-2.2178261213775225E14
-2.081444881536967E14
4.052046312036683E14
2.2539985861290812E14
-3.591780542123057E14
-1.3221206233042658E14
2.775236196524728E14
8.542061169175218E14
-1.5505112792939114E11
8.913217025021606E10
-2.224922694492807E14
8.944424759256592E14
-2.5486545473759184E14
1.0353702140227492E14
3.907732701255346E14
4.7507392552851555E13
8.171716453017969E12
9.37622969651851E12
-1.2504253062838629E13
-6.610779737883128E13
-6.192189588163831E14
-2.1700880037254647E14
-6.835572701528565E14
5.922507616295481E14
1.9463078646113188E13
2.5293609656512294E14
9.889951320805833E13
1.5355688206725562E14
3.31849085926047E14
-1.205949674963982E14
4.910444677739592E14
4.389936884594407E13
-4.408709456699013E14
-3.051890753888314E14
-7.434760580642282E12
-431488.6569644106
