-3.173965485126971E14
6.154284167291678E14
-3.8635838234583125E15
-5.889238278833458E15
4.0000758498783235E15
6.033584524807745E14
3.231531700757108E15
-3.5045606202877815E15
1.965132917143398E15
1.2759663409077245E15
8.43308045565274E14
1.8967991270566682E15
-9.939812366258959E14
5.2433324907615525E14
-2.0559745946803706E14
-2.453314494120337E15
6.055471435478452E14
-1.1644974535912552E15
1.1253011925695026E15
-1.9207963759759844E14
-1.548195295358526E15
1.5848172335186575E15
-1.2691904688796922E15
7.94675332627338E14
1.368133211254836E15
-2.052215261480731E14
1.1097055075708195E14
-2.7421706442771662E14
2.0462763271551222E14
-3.8428589970362115E15
-6.985098178278606E14
-1.5778488817003108E15
-1.8371074955603078E15
2.03283619878548E15
1.2316588607127025E14
-8.555829652951199E14
-1.003228686287344E15
7.735383069732775E14
1.8002685450360188E15
2.844936537936394E14
5.34570729981425E14
1.1576329269623255E15
3.1123699592891785E13
1.5114064631819578E14
-6.143285184547406E13
-4.7480257662860656E14
1.6965712539026225E15
-2.258381057163166E14
-7.983404907781672E14
1.199661462120131E15
4.119199182267489E14
-2.622868863922623E15
-5.5236846444134325E14
3.728302704869995E14
-7.449648694135815E14
-3.461783983284951E13
-3.26501036880097E14
-6.735578412784925E14
3.71714242942948E14
-1.2679765476773038E14
-1.1441254604769468E15
9.613740735542031E14
1.946026555016539E15
5.5458913336757894E14
1.1260142285721182E15
-3.9640277557976225E14
8.465975664986751E14
-1.2662122914403238E15
2.404790918906373E14
8.31957938407239E14
3.922449794378692E14
-1.3174458449175995E15
4.095418022057401E13
1.1603168447354345E14
-7.63099755798068E14
-2.9132342484216457E13
-1.204881521771708E15
1.3582411441919338E15
8.557431881747556E13
7.275325005411678E14
2.3163756909632997E14
6.495973191286441E14
-8.478644229405081E14
-4.072211804946584E13
5.4370117462302656E14
8.716314090621874E14
6.085991397581192E14
-9.814695129116388E14
2.3574634572876662E14
-7.730057297162095E14
6.500333897410977E12
-1.9295109556546353E14
-9.098769377781971E14
2.869909147321264E14
3.910051786708267E14
-2.3970725301483094E14
1.9523705475975128E14
-8.5887187908365E13
-1.8583722001421862E14
1.0371914458614564E15
1.1160158781207308E15
-9.943757620390136E13
-2.4569073057622438E14
-2.7406982686479234E14
-1.526473624115007E14
3.283570414070676E14
-2.2229517178522055E15
1.1537717080156152E15
5.13286194672322E14
-7.034613582637319E14
8.223828544964425E14
9.932534110830191E12
1.2658496733190336E14
1.6446436856315812E15
-1.0413174387431552E15
-9.56155144970749E14
-9.340670590932258E14
2.0414193076892858E15
-1.385291399509934E15
9.638360466715505E14
-8.395951444834631E13
1.1227306579104059E15
9.916834420180882E14
-7.041892535503375E14
2.0188472818589385E15
5.07457466021749E13
-4.962660388011938E14
-5.870856014270991E14
-1.1896615839062738E14
8.11734546123905E13
-2.0928497902943784E14
6.481119890861087E13
-5.0459513525457914E13
7.312732728942826E14
-1.0765993329191634E15
-5.608758699617541E14
-2.0078744862279256E14
7.819283484669158E14
2.5881786964268975E14
2.1048652114116795E15
-4.130260366449405E14
-8.91477055962455E14
1.552685683608491E15
5.70556058117596E14
-8.517509608640229E14
-1.2237767026955719E14
-1.3725656374638045E15
-7.268254085838955E14
4.546432586571235E14
1.4783718728861928E14
-2.6685119411688238E14
1.0148954189139121E15
2.7877605122630712E14
4.937113920845329E13
7.672696661483548E14
1.999289928444959E14
4.191848621700686E13
-1.3315101608371019E14
2.723133688223818E13
6.779939814613322E14
1.3638863113639E15
2.0449280063890066E14
-1.0075596234398656E15
-4.7186165819899556E14
-4.303923940171207E14
1.726628176226134E14
5.611977489088674E12
1.2528452674774262E15
-7.103214994238292E14
-6.056276859165274E14
-4.4889089213514516E13
-9.132093245692308E14
-6.371761406983798E14
-4.963399138301966E14
1.3875148594441348E15
-5.002254924275416E13
2.063198646478957E14
3.292790675107154E14
1.1535619072030752E14
-5.3137307492307625E14
1.1334780882059038E15
-4.398169606984339E14
-6.9079938825116984E13
-6.497013738913864E14
-1.0863774436833548E15
-1.3504431448331962E14
9.050309923787225E13
-2.21404097667357E14
-1.2364333093735106E14
-4.462919893005818E13
2.4185407906585347E14
9.36148019758179E14
8.307098270704611E14
4.967431014424789E14
-1.0066281684494361E15
4.2912012360551306E14
1.8589063034040122E14
-3.9419299307493225E14
-4.635148097981044E13
-1.4427512014340672E15
-7.306944145697712E14
5.584067174149844E13
4.9804848621752706E14
3.03332772747174E14
-1.45914396185325E14
-8.347780614110116E13
3.8638078543372516E13
5.3804571944322094E14
4.0619850540922625E14
-5.152546684056501E14
-2.1897856407396306E14
6.276969094608124E14
-5.943919810773154E14
-5.636255861461439E14
-5.47428986041529E14
-6.306777600987849E14
3.647951316290486E14
4.979778712445457E14
3.9539038915767544E14
-2.991441316168568E14
8.529401606980681E14
-4.137310604348503E14
8.246039725596842E14
2.939737125411803E14
7.288377804800826E14
8.979985603645611E14
-6.03702500067457E14
-6.877835507051442E14
2.688410139631142E14
-4.476978972977721E14
1.0970092451946418E13
5.991121870776635E14
1.0707836777626124E15
-4.0157227924795025E14
7.874305176998684E14
8.415461672593201E14
-9.070278344529968E14
1.5482825615740256E14
-7.173120266598356E13
1.9258990096405523E13
-8.161258990836389E13
3.026775437851008E14
3.8227557574611025E14
-2.2739769407412662E14
8.368501636480745E14
-2.6809032660102816E14
-4.503381159563029E14
-4.373977805724603E14
-1.6714645203434712E14
-1.3004887593797092E15
-8.008883873612764E14
-1.7504048847120594E14
-5.523767510075436E14
-1.4908491424236084E14
5.34281885464273E14
8.665370006821635E14
-1.3540955646155818E15
-3.866905600776081E14
-1.1543689415875889E13
8.89992858701367E13
-9.215362450931895E14
2.511576194931003E14
-1.781980800646219E15
1.1336640845769797E13
-1.8403062131504586E13
1.4490650060645247E14
4.7178629159228706E14
1.0309466641460096E15
6.010318829694292E14
4.295947773214517E14
1.0398443308684855E14
-5.207050420539766E14
-5.289397062504264E14
6.375498140367771E14
6.352825910887098E14
-9.613742696270968E14
-4.951628848937945E14
-4.8204939523519444E14
2.6311682504818438E14
3.249337504169138E14
-1.0938613384871392E15
-5.363236645627243E14
-7.185717025898941E14
5.30044161469443E14
4.7205071350602506E14
7.289864765943836E14
5.3806842084771444E14
5.982666670971982E14
5.8423665008188E14
-6.57526636454223E14
4.917695501440103E14
-4.263688128521117E14
6.700137446695018E14
4.1711294272061875E14
7.415575477707185E14
-2.4304812051067684E13
-1.310211240759967E14
-5.632906101792031E14
-1.2382555591020168E15
3.0612569500400945E13
9.874882586669299E14
5.4331015497039194E14
-9.265150605998308E14
1.9123137708514462E14
-8.00325717123956E14
3.7266343198468006E14
7.4705607461945E14
-5.845379431499081E13
-7.870302250444432E14
-1.8710950020889872E14
-2.9585332010518156E14
7.215529723041928E14
6.3291576038543125E13
2.0550203108046103E14
-6.61550824885345E14
3.760612328883082E14
5.751091247939545E13
-4.060496759039397E12
1.986256623393183E13
-1.3208071968993917E14
2.764969704748928E13
2.7137096882449034E14
1.211008620374683E14
1.078545043590375E13
-3.221285818356737E14
-5.208345239789394E14
4.058611600035772E13
2.7270085133146725E14
6.657118439938895E14
2.982911775092197E14
2.9508095480147333E9
-3.5209437277236273E11
9.858622897418582E10
-1.782282747667867E8
-2.4692500380162168E9
2.425276573027133E11
4.086936414807954E13
2.4421783426535114E10
-1.1719342775594402E13
-5.661579156038231E14
-2.271243130596054E12
-3.569116862441407E12
-7.62482773999007E14
3.772611508051224E14
-1.3382803161565158E13
2.5168295925078047E13
4.3870977595222E9
-4.000269945973578E12
-7.668876406525864E13
2.1123959776580444E14
1.0229709834004811E14
3.792042148326609E14
-1.423023041741197E14
-6.122615211696526E13
-3.1818274078266055E13
-3.0957249779632144E14
1.863244741169296E14
6.185299311783412E13
8.813889722829938E12
7.390514811617346E12
-8.310348080986639E13
-3.1185595382078606E14
-3.922774440290725E14
-1.0519592255786159E15
-2.694645684705543E14
4.3165277198057556E14
3.103332916480103E14
-2.4509715180305466E14
3.3790650516494668E13
2.8379522504093425E14
-5.731079944012232E14
-4.816048203082288E14
2.4573012894269422E14
4.129757921190758E14
-6.368010727624039E14
2.1337942868574847E14
1.427396269820666E14
9.104715101822E13
9.198893924873372E14
7.252502074323749E14
1.0061111198300661E15
5.459862062683589E14
-2.971640544031199E14
-8.584791884132895E14
-5.972474563815802E14
1.8068871017910928E14
-7.181190164401708E14
9.213532630805469E14
-6.002909605820806E14
-4.120910774761403E14
1.2021775984829845E14
-2.2084066520063287E11
-6.0599309065661E14
1.9674032639590395E13
-2.7016658640457997E14
1.4050899262608984E13
-7.0431307985516E13
1.214816121322163E15
-1.3164811418781166E14
-1.808113859599742E12
1.9950464670232227E13
1.146152134696789E14
4.878074158624883E14
-1.3329981477922095E14
-1.5390911955220406E14
-1.6682072497173852E13
5.275881112372615E13
-5.542831800389159E13
9.649117594566536E9
-9.504935532408308E13
-3.6845694662244653E11
5.04630555401831E14
-4.68436818417719E14
2.452067994809346E12
-1.7225765234714523E10
4.0859603594237714E11
5.314028492504385E12
-9.082640401409058E11
1.0483274322602196E15
2.6110333392532722E14
294636.3110620482
782338.4175388727
-3.799943725303662E14
3.3727435688702044E9
-6.963174164737482E11
3.4646358914287966E8
-7.86330884311372E9
6.928379089974821E14
-1.38318305720223E8
-1.8223073481459335E10
2.3145467257527944E12
-1.9338653661190734E9
1.1920331195460068E12
-8.966123407954113E9
-7.807399835719863E11
3.8726488455591047E8
-1.4520457447520517E11
-5.643942499485841E10
1.1445876236089766E9
551254.8016322941
1.000646522752705E11
2.9207562064531693E10
-3.5752222687299164E10
-2.0786679535267456E10
-3.770425629956346E12
-2.678388060954318E7
569660.3145191107
1.8423759046559203E8
-157014.63981407214
2.0040179794174676E9
-2.8365767063351775E14
2.7209447211678734E14
-2.3760237456780375E14
4.529755137199231E14
-4.8506592685714325E14
3.4161965079859525E14
-1.0289434125648775E14
1.080549041461503E14
-3.3814183180507325E14
-7.976465949708069E14
-5.022769877224084E14
9.285032156267691E14
1.1728105320768878E15
-3.3027912095304356E14
3.8921171340023E14
7.249161029320609E14
3.0787657141013944E14
-1.0609948370897785E15
2.298244808691796E14
-1.7154759027854522E15
-8.689798202720676E14
-1.7694467061220996E12
5.588973215669094E14
2.3028108784515656E14
-2.9200203047407137E13
4.0504469243057644E14
-2.7607929015135456E14
3.1050215933051206E14
4.2716069594379275E14
-8.597346902400984E14
4.5873896932115525E14
2.6788853558741603E14
-5.0047178419217306E14
2.7795245128806266E14
-1.6315555935560038E14
3.8978288060960694E14
-1.1848889962734733E14
-9.411635564037675E14
3.9258178832366106E14
-5.185390690934722E14
2.4935694884903238E14
-2.4473541431589496E13
-1.2501816555706706E14
2.06717638807104E13
7.910275949201658E13
-7.002033866456798E14
-9.032704943646516E13
-3.7485041306314675E14
-3.353786990960037E14
2.5765602557128247E14
8.574448592658878E13
-1.7025295084250922E14
-2.5505051973172092E11
7.893626327499335E14
1.1078292950127178E14
5.2305064658126306E14
5.543335330221956E14
-3.6720082636319206E14
-3.104391773731057E14
7.02974124025022E13
-3.906778725284931E14
-8.004569980286939E14
-3.59237686346496E14
-4.907155127486486E14
-1.472618138209028E13
5.068882308295816E14
2.4742409831162003E14
1.752325978481312E14
3.9278546655057444E14
1.1626363634196862E14
1.3471883070367188E14
-6.079434434737791E14
-7.05295951313645E13
7.780260849864524E14
4.9052403374225844E14
2.0969513143641462E14
-7.081431776272189E14
6.615324722911237E13
1.3867178027913569E14
-5.0036167720486525E14
-4.0964906317006244E14
-7.866420660967784E12
-3.3685492626959175E14
-2.0720420147709697E14
2.367998563636118E14
6.214874478150261E14
3.399677743723804E14
-2.338382807796342E14
-3.239061860787076E14
1.3921603932865956E14
-1.3546465144849167E14
-9.541309699583115E12
-3.4145438212346445E13
4.275048947560383E14
-3.363351213267586E14
-3.072119337576941E14
-4.3942537936426675E14
-1.285425565206675E13
-3.905525966102635E13
1.2760415029233798E15
4.233002369802246E14
-7.684301768869508E13
-9.354436517072068E14
9.01138032417094E13
-2.4427647537457E14
2.802486897019572E14
-1.281585989713036E14
-4.127108203580999E13
1.1052405799870638E14
2.1861087059600056E14
-1.508498675225467E14
2.1101018332893347E14
2.5848423128349806E14
1.5141062671069844E14
-9.398513490261388E13
4.2521561603250994E14
-1.4820157623913856E14
-7.858428760265318E14
-2.3604219053851694E14
3.875009680202319E13
-4.414592728278051E14
-4.1490455478373575E14
6.465674739632125E14
4.7933545150734556E14
8.112163891190644E13
2.3970722327002788E14
3.8216631918129744E14
-5.127052020999344E13
1.1251537280993325E14
-2.081735799102428E14
-7.579909032811128E13
-4.739623340824602E14
-3.90582308418886E13
7.897992511581153E12
6.282228435944349E14
8.727339029766415E14
3.512955349725477E14
-3.788784394569055E13
-5.257644943653082E14
-9.570439539437445E14
1.7058932281439788E12
1.8584020949928294E14
3.2394906661094234E13
6.040567854304184E14
3.2788687568836494E14
-3.8808462829489475E14
-2.386013726130297E13
-2.0932144073732556E14
-1.3369316481299333E14
1.390757257638643E14
-2.415622474161744E14
-2.0199844233600597E14
2.581940083512356E14
-5.203784122322863E14
-9.275851397350289E13
4.076250034407107E14
9.81394038852526E13
-1.7188416216170172E14
-1.20924254751252E15
2.550880375934356E14
1.8340419052990284E14
-5.493405903430527E14
1.039389073196295E15
8.097863779753166E14
4.435892640324745E14
2.8495930832724644E14
3.2415845406966825E14
5.611076614208509E13
2.9438374187962465E13
-8.252256965456129E14
-3.495791248552732E14
-7.879753751984982E14
-7.764033526685405E13
-2.6209518576831184E14
1.8937763550800456E14
1.2569817024049755E15
-1.449062992589901E14
3.1997159219568544E14
-1.7562355846272144E14
3.871613068376297E14
-3.519262140233852E14
-9.972408312953436E12
1.0939118601725904E13
9.705997877124275E13
1.909722765466536E14
6.803797488262466E14
-2.336827912069608E14
-4.02335078118935E14
8.165440568322523E13
-4.231692017846777E13
-6.456936746264331E13
-2.0282803742842056E14
3.181471194359874E14
-9.97512038385354E13
-7.333174794330339E13
-9.189819236670372E14
1.9430133638662356E14
-9.839032187793447E12
-4.369880746830365E14
4.391301374029388E14
4.32018784045575E14
1.547111364380734E14
-2.1798787283967066E14
5.072452717515083E14
-1.6678879556472598E13
5.257634381748068E12
-1.8016322924341797E14
-2.5944011846523465E13
1.299041703452702E13
1.6862879818789697E13
1.2043688267771888E14
1.655984030277649E14
-3.957455089815881E14
-6.7453150513046625E13
-1.481078703937481E14
1.25609198238107E14
-1.2719376271430883E14
2.7112467772885754E13
3.2312647083867175E14
-2.3364422467607316E14
-4.628646207613604E13
5.189272537742876E14
-4.0669354406157906E14
1.2271715615922766E11
-8.116829284774514E13
-2.810899609197423E14
2.700981688611697E14
3.748614859099293E14
-6.502511184887233E12
-2.4794967941715566E14
-8.795161513032119E13
7.532297168008045E12
-2.0223545155149688E14
8.412999317403806E13
-1.6763681315155856E14
4.739501198247085E14
-2.2121477393695188E14
1.2168446808299564E14
1.6483638489553938E14
3.781119264371444E14
-1.975075037190742E14
2.516386675555575E14
9.750993425202417E13
4.214756901316019E14
-3.8284994275345694E14
-1.8014433985838506E14
5.208725723242829E14
-2.7942554224155894E14
-2.7619481820763703E13
8.29719984006538E13
-7.042128256017241E11
2.606391853123496E14
-1.2698474065842918E15
1.6541698862197175E14
2.662724517245524E14
-3.25922043968822E14
2.131691735983623E14
3.391860738384886E14
-8.676700811584535E14
9.14214364365178E14
-9.446241499358734E14
5.991278757077349E14
-2.444784894571922E14
5.441317902713944E14
-3.136429489814553E14
-5.381485348884096E14
1.8865837752621703E14
-6.994107059366421E14
-3.2470483667608444E14
5.750460093451909E13
-4.557294842243095E14
-1.0177780457335988E14
-6.888423488900026E14
-5.54198613481188E14
-6.79766861148186E14
-2.9230419533856675E14
7.19594089423401E14
-2.983766237035194E14
-1.61855708240735E14
-1.2593879293759092E13
1.1899846853733073E14
7.01465112817624E13
3.9957706482124306E14
-1.0699543784217017E14
5.731651552408835E14
-5.847070732426142E14
8.939197745016639E13
-2.932992329127735E14
-1.9104041485497378E14
-4.023901530906679E13
4.2525978711096006E14
5.966375386382728E14
-4.93745194771391E14
-4.206736998425029E13
2.6604748768269867E13
7.78751910899543E14
-2.4417846112781887E13
5.731386922732323E12
-1.1662407188978834E13
-2.0468752159483222E14
4.296651750003031E14
-3.976967549216798E13
1.643530022815836E14
-3.114163202413464E13
2.2941729101684316E14
-1.1211420890198217E14
3.2805034251436675E14
2.2947824998907178E14
-2.036946378051403E14
-7.696017688632638E13
-1.58024989396121E13
-1.0080100620345955E13
-2.2730710184033603E14
2.5521344312712328E14
1.3798574067294204E12
1.4428826240346025E14
-1.1336084401957795E14
-3.214408923570127E14
-7.865007409326815E11
-1.5377066792408293E13
7.468096354410682E12
1.1617089152607577E14
4.6584852692937644E14
5.450849262803801E13
-2.5746976049188744E14
-3.654587290813996E14
-4.162038573011866E13
8.076385390711499E14
-3.312789159989418E14
-3.497806221682274E14
8.625182946172933E13
1.712046231586662E14
-1.3099911310535852E14
2.671412159622275E14
1.888648871605322E14
1.3010197610374005E14
3.55377413786386E13
-5.4019601589695606E14
2.0048616017183053E14
-1.3449835375156586E14
6.152015997484151E14
-7.167428974942719E14
6.5997852423276E12
-2.7617286005785516E14
-2.2423327962733056E14
-8.365333930614225E14
3.4829775067438075E14
-6.653471148235614E13
-1.2345437535176666E13
-1.0952341366191327E14
2.1820420628473775E14
-5.683637184610646E14
3.888032482879018E14
1.438957600450963E14
-4.9173502668003056E14
-4.8082177294671225E14
6.934778702060885E14
-1.6759806771843903E14
-3.973766966994903E14
-1.4869381949725888E14
-2.7552149163002556E14
-3.1619021067984475E14
1.2445306713680983E14
-1.4227585473152656E14
2.816990663434648E14
2.842380916544215E14
1.0338212365143225E14
-3.157410163174084E14
2.097511254224077E14
2.3321235320180128E14
4.7201301108540906E14
2.707891282835502E14
4.0084950295143806E14
-5.109395725289143E12
-5.3738423388464044E14
-4.2253487877797506E14
2.7816579738496084E14
-3.283917109006202E14
8.883308602810338E13
1.5526989298379428E14
-7.85034958623675E13
-3.4117951973243856E14
-7.065108217088463E12
-4.7982933396581775E14
7.120539875397103E13
-1.64965922027412E14
1.1712799534200408E14
-3.687551412493665E14
-1.7361980410484275E14
4.813247678913894E14
2.4994204245943274E9
6.169191434935321E12
-1.785751782730029E12
294636.3110663965
-2.933285383865877E11
2.1993310396950308E11
-1.754245189909293E14
7.429747534406431E9
-7.663271330889566E10
-1.6589716495490725E14
2.402093326001984E14
4.966394253753509E11
-2.4691930751869614E10
-6.718108819124316E12
1.412554092670251E12
1.8940131213061047E9
1.1504570755153862E10
6.453844605693931E13
1.2414419827210356E11
3.773996595543345E12
-6051826.332028616
3.1722491798816693E11
-1.3615634796486703E13
1.6910992736558489E10
-1.72888878549722E10
1.1266334647653488E14
2.9887257168117218E10
-1.5908600975209024E9
4.925008702184244E9
-7.900153673711452E13
1.0311174103336948E14
6.000438851888426E13
3.015653903400172E14
6.431583939808299E10
-3.874385055660563E14
-3.790364232953509E14
2.1508946089614426E13
-2.849552639117105E14
-2.368963695219653E13
4.2256513078509856E14
7.942349773488441E12
9.602900252596396E11
3.461285960164005E8
7.979494372019343E11
-1.632663138026503E14
1.1167812629823034E14
4.461357843121225E14
-7.239919315312928E13
8.231923664994431E14
1.0279102801826831E14
-5.0515266876961994E14
-2.7778448721082712E14
6.7490048296481875E12
1.4491544669785078E13
-8.849693851912977E12
8.47852401945529E13
4.96756963477272E14
-3.053442749180947E14
3.9258206982608744E14
-3.0531080452763944E14
2.7363170284740965E13
5.687020790744014E14
-1.1058844814255444E14
-1.4709793833427934E14
-5.429832039766856E14
1.3952954207101012E14
-1.0645993600831725E15
-3.549428855281617E14
-3.8426148725952425E14
-9.366304109954725E14
5.205123512544947E13
-1.3694548542737336E14
5.1725694546605775E14
1.5994050857041566E14
2.9096711593115994E14
5.5682520891366994E14
1.801285412846061E14
-3.3591125039603477E13
-5.629239818950479E14
1.1441262207346758E14
1.3956010479813802E14
-1.754322380585307E14
6.890947142274352E13
-3.824374548047139E13
-3.809745661124162E14
-6.228246429019188E14
-1.0707367517182139E14
6.053820798281741E14
3.1248643625698055E13
7.678108187138036E13
4.440693836071847E14
-2.7412254173879425E14
7.269389908822232E14
5.933798402186188E10
7.539294587306032E10
-3.73970638493286E14
-1.080669695125116E15
1.6336325495589628E14
-4.325879670035536E14
-3.3805718800517925E14
-2.2813127133606497E14
-5.691532148882969E12
-1.4949176746928418E13
-2.5240035204713035E13
2.37097641766726E14
-1.4948968833011412E14
6.700716528341918E14
1.7684094625476766E14
2.942837648471412E14
-1.9531405906789438E13
-1.3490278280198562E14
-1.3337428794201136E14
5.793304911167875E13
8.447549949127395E13
2.1733566157327753E14
7.641263549521765E14
-1.5820952165257E13
-6.592502283237791E13
8.035272945353831E13
2.2540684494629344E13
581214.7433130284
