1.174659154219349E15
-4.5472883634728606E14
-1.4663834445888695E15
-2.1994696378292938E15
1.2978345771178738E15
4.194103557567451E14
2.289358035993746E15
-3.37533887886526E14
9.57662261303751E12
-2.9116726195632394E14
-1.0460230932217684E15
1.4751492044055835E15
-1.8481388764413498E15
-1.1631498999322395E14
1.3134361180856505E15
-1.3234088227530092E15
1.7876790479207484E14
-2.9327884254324775E14
1.2776885785050298E15
-1.84175401021949E15
-5.434155390992956E14
-6.221723227925765E13
2.4147178945420035E15
-1.3912346647239038E14
-1.4747921642038708E15
6.350223061473882E14
6.178967792179675E14
-1.908728593621355E14
8.197994462897935E14
9.551015602712395E12
-9.561087326229055E14
-1.3191458875987294E14
8.527470049660052E14
-6.113292490941755E14
1.1361344460632812E15
8.395898568937894E14
9.432396334443418E14
4.5501003394250194E14
4.6410441514434225E14
9.037270529361389E14
-1.2838448141525588E13
-7.99913866856851E14
-1.1045951461384204E15
-1.0684740048250735E15
-1.4919970901900156E14
-2.284771809401188E14
-1.0858018423245371E15
-4.694514902722812E13
5.557738533802549E14
1.215654824661254E14
-9.383402855706665E14
-2.853659124445301E14
-2.258934486016431E14
-2.4705537266399863E13
-8.649849622409855E14
4.0040835038125606E14
-6.827572083484664E13
-3.3523666736434625E14
1.021663770892238E13
-7.234972730190276E14
6.895383682889639E14
-9.623679276678744E14
-2.4887693400707822E14
1.1155472314163108E14
-5.0855441143312794E14
-8.037826994240538E14
-4.81391869736509E14
-3.3219493086026794E14
2.308826264366942E14
-5.143507242573806E14
-1.2943246686580639E14
1.5154440463430955E15
-1.478702724499996E15
-9.649882909561697E12
7.247659657411004E14
-2.311372624407067E13
-2.0068645921615138E14
2.4041885557486403E14
5.895284979496796E13
-3.4818519313882525E14
8.799221352044384E14
1.3990825670443005E15
-2.407665308713522E14
-7.182468474132915E14
1.8598196734430305E15
3.78229788670634E14
1.8080612265892444E14
-1.6842042877327588E13
-3.666927517705117E14
-7.519309829375664E14
-3.256212476878651E14
-8.941295668468935E14
6.163293256685299E14
-1.6755288765052272E14
3.7029227336302106E14
-5.424185970545529E14
-3.2686862432158025E14
7.23329616735271E14
1.1927302629151434E14
5.22594800474061E14
8.599326345366265E14
9.441007479845755E14
-1.4301450702446362E14
-7.459114334592848E14
-5.528591079141109E13
-8.504506488654688E13
-3.0242417135987356E14
7.773090315008872E14
-2.963090036691381E14
1.3924641237832227E14
-5.3814820891973445E13
6.657098342970003E13
-1.4481881061926222E14
1.5458081917569575E15
8.399234409119722E14
-5.710802550002645E14
-1.504190685090708E15
7.961435095767171E14
-1.64317659799768E15
-3.3425119580277E14
-8.299146430714928E14
-7.825873624198011E13
7.781519411934064E14
8.977526146239658E14
-5.8551521453464E13
5.284644547146438E14
-8.496424944670155E14
-5.9093676503195445E13
2.554002697659432E14
2.908120661539626E14
3.5727936171770456E14
4.875308478869816E14
1.03140268985682E15
-1.2130243159543303E14
-8.501473442080201E14
8.851263097891541E14
6.993530332782181E14
-1.9393588485964244E14
1.0707194256739736E15
9.385613582584996E14
-7.512255407649531E14
-1.5016342343000175E15
-2.6353442736577528E14
7.366063162637156E14
-7.273352859946566E13
-1.0770491498863216E15
-7.705595676348085E14
5.1191457472352394E14
-1.586465992848582E14
2.687560940749402E12
6.690560188516169E14
8.032540961665915E14
-6.817428847334738E14
-7.33909924725943E12
2.9688468988578644E14
-2.428921828112147E14
7.90086398517901E14
-7.495442315993372E13
3.280351541415065E14
2.842327529931083E14
1.533535466868889E15
-7.707766980010692E14
-5.1330509528311325E14
-5.645183262962786E14
-2.989024326830194E14
7.73819633496775E14
-1.2870285007186575E14
2.9973020194761256E14
-4.446752492169705E14
1.2103346781669005E15
5.403494727463266E14
1.097970692519392E14
-1.7976771327004812E14
-2.8045937544690203E14
7.550083586425604E14
-6.560386550834301E14
8.922716312614642E13
-1.2575904623592085E15
-1.2895056465991162E15
-5.273587566709428E13
8.474188203983716E13
8.682543878658724E14
3.0112340393245694E14
4.28613820754364E14
-2.294404044991826E14
-3.888574709804905E14
-6.916137088567934E14
-4.5993558508734475E14
3.516016605165599E14
-2.1125703523231422E14
-1.9969750326044438E14
-6.160361166872955E14
-1.828383229589278E14
3.775540820150139E13
-7.08915637283888E14
3.2366580927747494E14
-1.9584677253557078E14
1.8350089437477275E14
-2.3571986481074234E14
-3.0240937621637044E14
1.2575492913124853E14
1.6243860439330566E14
3.9558475662011175E14
3.446334876734168E14
-1.3617457434708062E14
1.1610728953022264E14
4.03501952745862E14
6.128627106724849E14
4.695096349186194E14
-2.9161267035307494E14
-1.1391927396438123E14
2.4461842725493056E14
-1.6957813094773703E14
5.470325124210424E14
2.1062083189269053E14
1.9339507949220547E14
-1.0920918871806888E15
-1.481295228809105E14
3.7778206112888594E14
2.522488240793594E13
-1.1893168058944375E14
5.738611302979166E14
-6.23345293025306E14
-3.49005621520139E14
3.0011314394836844E14
9.878798014013146E14
5.023942716271756E13
5.433133260473257E14
-6.251102050426138E13
1.7407599938061578E14
-1.0824911245068558E14
-2.5565206583127788E14
3.8005676006097725E14
-5.4047777354580025E14
1.69613638297939E14
-1.2659210754513934E14
-8.97196787533001E14
4.8775850856653175E14
1.0303778722916424E15
7.215085755237742E13
-1.5318074142490797E14
1.0385203684416502E14
3.1114906464815594E14
-2.7841688891526025E14
-1.163087409018268E15
-7.08658216559288E13
6.802501284163202E13
-9.240050368147841E14
-8.459962063606191E14
7.115849289103167E13
1.5630281030945856E14
-1.0976658553716336E13
-6.633856794489693E13
-1.1971102987520744E14
7.455025089592727E13
2.8102920179747012E14
8.011151967131045E14
1.0465686224370966E14
1.2724761510199955E14
-1.9606619357681934E14
6.876207987532469E13
-5.5557832634158275E14
7.074834486265336E14
-2.6662425040070325E14
2.6492538125487822E14
-3.218385144546509E14
-2.388541889254455E14
-1.733150971605122E14
1.9051930370447527E13
-6.880876953759682E13
6.7325983154590164E13
-7.747207088263578E14
3.345601363391819E14
-5.3375564541971225E14
1.0189031291365383E14
4.5816230371886175E14
-1.5287420174630138E14
7.821324029794178E13
7.224075742917333E13
4.4771467140553234E13
-1.0155785971210397E14
1.063081109405566E14
3.4610390292580625E12
-4.073298989532503E14
-1.2273032326306E12
-3.6613624503417506E14
-4.7225294782491144E14
-3.186446058850065E13
3.757441217251884E14
6.391504422560364E14
2.0240769291281816E13
-1.2851806357092114E14
4.205171905833158E14
-1.1548880785233898E14
-2.2536086413787412E14
-1.6883775771546116E14
-9.655077535584495E14
5.5733765533378844E14
1.3181064593083652E14
8.004908789536384E13
-6.911567926488209E14
2.8937567607589325E14
-5.656866243486148E14
7.951511699587714E13
4.701499573386E13
-5.646612028301646E14
3.233611067724548E14
-1.988009078031908E14
-4.3952946051803994E14
2.1124399983134784E14
-1.8124736051828803E14
5.023417867571468E14
-1.3188212302654728E14
-1.1449891192849439E14
7.991320031127033E13
6.233423814047592E12
5.756326557808472E13
-2.0142824816680247E14
3.22017105782639E14
-3.343984459262961E14
-6.621956990716142E13
-6.258165909375396E12
2.7449872168115294E14
2.599931461871786E14
-4.5586861738305156E14
3.9485882587533406E14
-9.4807235122398E13
-2.6565993954808778E14
-1.1136861757742773E14
-1.185847718934832E14
2.9393873971682973E9
-1.637238513901751E12
-6.103229379844116E11
8.250964638657665E9
-1.190799260362098E9
4.121543889527366E11
-3.3546378745234516E13
1.2296329752851284E9
4.948234916642841E13
-2.2883077689883472E14
5.525786858101573E12
-3.288660582521077E13
-2.2729914959081834E14
-4.657155011253244E14
-2.175903259835717E13
-1.0952545295367463E13
-1.8552279710830063E10
-9.927962211579844E12
-2.3175499457051426E13
-1.490419236580227E14
1.4786915608858498E13
3.9080882459751445E13
1.112097683199447E14
-1.4497670242516605E13
2.8612527584211027E13
-3.6149619737835794E14
-3.6287117516339756E14
-6.718967243305562E13
3.4504415369503164E12
-1.6548153944850386E12
6.582413369581501E14
-1.419033128664028E14
7.917065405015396E14
4.0458530444172875E14
7.835256310434611E13
3.752159637844136E14
-1.2540683997476361E14
-4.135980354846771E14
-8.17466979589096E13
-4.153144531465508E14
5.756540166734662E13
9.149120671011111E13
1.3126641848245646E13
-4.045196198264934E14
1.5424881553612722E14
2.1267263736014238E14
-1.1099390782136384E14
-2.742461817639812E14
7.290610423585394E14
1.8179344085759496E13
-1.5121123145063854E13
1.2717483901836342E14
-2.1151432902351506E14
-2.0858325657176425E14
-8.970408715276117E13
-2.275913426992013E14
-8.077105550999358E14
2.5979216535209056E14
-3.80551368076456E14
4.386644473254449E14
6.265045541907408E13
2.4108835951723275E14
2.805751640388292E14
5.039085347645919E12
-1.5083398615756138E14
-1.1018907343302019E14
-6.171392446960492E14
1.7340040006451197E14
-6.4220408781536625E13
-4.300815903611283E11
8.464590574967715E12
2.2538122267257097E14
-1.7359161516385797E14
2.567496502016059E12
6.776785750764575E13
-1.3332974923095245E14
-1.4110187319876744E13
2.1065374626067836E13
-2.164588242888814E10
-3.165186501327344E13
2.9327820909838755E12
3.806572463008477E14
1.6759503108573494E14
-6.711489507664169E11
-1.73255192820908E9
-2.5863753470932553E11
-4.4613250318825836E11
-3.44473752776996E11
2.6892858373084697E14
1.9615783913371194E14
-992331.5954530624
-1601062.534230538
3.2886184001789406E14
3.381869783927205E8
9.58536703366179E11
1.3249707688673227E8
-4.245412860193587E9
-3.837947541356685E13
1.0190490377709766E8
-2.0873273452874523E10
3.260153592266992E11
-8.9981626385424E8
-2.144827253171064E11
3.689452591211051E9
1.3989137863273657E11
-1.038625650088637E8
-7.908823568114206E10
2.3303901102413922E11
1.6430262843924907E8
-1883707.7362144599
4.079539268764222E10
1.9832558043152546E10
2.787375150418721E10
1.4181413037272171E10
-1.7040260055579226E12
-1.4937479225423507E7
-2027940.6761406057
-3.2911613230388876E7
623300.9670291626
1.8027940411315103E9
-3.826130178345985E14
-1.6472625570233628E14
2.0322121843968434E14
4.303887252310883E14
-3.470220369173863E14
-1.4408026287283916E14
-1.980471704202454E14
1.1311800637411212E14
-2.5853323375380506E14
-2.6254383761163962E14
7.591021331064602E13
-9.189607555912565E14
-2.0710841014093962E14
-3.275734403897458E14
6.24553164266151E14
3.3606221671251494E14
1.7565476211397484E14
-3.1352342793383556E14
8.336241697340528E13
-1.6921044972857497E14
-3.9363887878437894E14
9.616828309166026E10
1.8947037026901397E14
3.7124912673740695E13
-3.214735573192647E13
4.833335854891806E14
4.482506727839697E14
-3.127277138620674E14
8.739518192212158E13
-3.0794012930657656E14
-1.174756012481848E14
1.9705634185125556E14
2.3323734686322588E14
4.658554476888856E14
-3.119433319042821E13
3.492726413924169E14
-5.365653351299254E14
1.0960468577871764E14
2.8575290560004E14
-4.518087033820348E14
-8.565436671827142E14
-1.5319322403936715E13
1.79491189129775E14
-2.60547644648693E14
1.7314472652858828E14
-4.6320297746761725E14
2.0850126937788447E14
-5.873673619485464E14
1.6843908689849184E14
4.7492098894648456E14
-4.023364875631551E14
3.408047581858469E14
4.7715336732350756E14
-1.2219270886192067E14
3.242547191179275E14
5.957954478487481E13
-5.052379680593531E14
-2.0454725620000184E14
-1.3666354526664658E14
7.130109753121784E14
2.4876317731773534E14
2.7385232378127172E14
5.054546751596636E13
-8.403876217730369E13
1.4641144770785238E14
-6.298374027912814E14
-1.9449467677366388E14
-3.139210382382051E14
4.618712756212005E14
3.625078987069448E14
-2.376849602711783E14
-3.9301409872484894E14
-5.1124450082390875E13
5.1397608417718294E14
-6.467495632954426E14
3.270929872736267E14
-1.0036760525854672E14
3.679154286662019E14
-6.658324986524613E13
-1.6614790808766356E14
-9.190525182070332E12
1.0038609716283806E14
1.9180551764872347E14
7.049167058195159E14
-2.308371589444761E14
-2.727745666120216E14
-4.2093381241835375E14
1.2104431603959362E14
-2.146792209931622E14
-1.3197770551986288E14
-2.45360255274845E14
4.913573013523252E13
3.6444597991463555E13
-2.175023289811413E14
3.440156232867833E14
-4.1544775745122475E14
8.211879094809588E14
-8.153888136093978E13
3.3228324756044325E14
-3.1871527171085516E13
-3.374225042639463E14
1.6046794884683531E13
-1.9502640249639097E14
2.8339496405827175E14
-4.61971455705748E14
-6.441336214643484E14
-2.1507090200488094E14
-2.2244487362019945E13
2.5951114417449256E14
1.6707338595479979E13
-3.2279349170682777E13
3.797232407266596E14
9.490409944385508E13
-1.130480217701081E14
2.7335337063866016E14
-2.9255048557091144E14
-2.2138232853564793E13
2.926782838630575E14
-1.178063726545089E14
1.1220139022115328E14
6.772549143419728E13
2.010280972086823E14
7.484291255687752E14
-1.0280637184974342E14
-5.536188350746152E12
2.3441502590072322E14
9.075792838341488E13
2.1963416726699712E14
-1.489143916939704E14
-4.6720269548291975E14
-4.4764826572113664E13
-3.807931487907303E14
1.2459893480436272E14
-1.8478669532135928E14
1.1489702143606334E14
3.4310879847881206E14
7.673993212403561E13
8.092592570178733E13
-3.018418104015352E14
-1.3028389297273177E14
-4.809232472746613E14
-3.575403663693039E14
-5.810051895547694E13
5.805799156594184E14
3.824626920109392E14
-9.115703780107626E14
-5.971290612948779E14
2.6555470421113504E13
2.6331068181775288E14
-5.833913901777E13
-1.334525965618951E13
-1.5863593168002394E14
-6.896607989673931E14
-2.344322251925377E13
3.3027088592714356E14
1.54213940834791E14
-1.9635711972543388E14
-2.063275904737016E14
-2.9182924730744535E13
3.5711006124134375E14
6.920729385263348E14
2.1375188840238125E14
3.0102380384274475E14
8.002054861036352E14
-2.56515760817424E13
7.347984004237534E14
-2.2262460661195212E14
-5.120301472513039E14
-2.7760915082817394E14
5.91492885819761E14
4.3208632976656665E12
-2.1234954617929325E14
-2.827842332748518E14
-3.880999652052579E14
1.758122112834425E14
-1.1050789628952883E14
-3.0850425661579744E14
3.431644646345869E14
-5.032059305622404E13
3.460619397802878E14
-2.7326586312711678E14
-3.9131539603626665E12
7.642214229673927E13
-4.491872005985615E14
1.1868772244737228E14
-4.241056858261953E14
1.2847955643069516E14
2.2356998229792316E14
7.3156274555011E13
3.354754834989966E13
4.3971664164275494E14
-1.48373879395871E13
-8.351141685362008E13
-7.586373738673806E13
-8.947627373246895E13
2.9909800812300925E14
-7.18902374701681E14
-8.664191669960133E13
3.621578821667383E14
-1.477344076254711E14
-6.653828704790702E12
-7.543310430516486E13
-5.054012271027909E12
1.9678369743058566E14
-9.372636424507375E13
-1.1592460571741673E14
-6.277981970596796E13
7.394765449738606E13
7.845546551492662E13
4.979078020614805E13
-1.562395707292843E11
-3.72261396542617E14
1.684657502384677E14
1.8897162134226872E14
8.132522861000516E13
3.194281175513497E14
-5.577594286462587E14
1.2333362970496484E14
2.9919866900008727E13
3.9145856507218294E14
1.4683797399477846E13
-4.854546857496959E13
5.621735852362728E14
-1.7675893420903584E14
-5.232656831584202E14
-1.606087752409338E14
-2.4763078296167744E14
-1.2121166614357127E14
3.5021420541597444E14
-1.2988059128587942E14
3.1295766154664475E14
3.831316632570219E14
4.663530540365396E14
-1.4115307646249887E11
-1.3732388880745133E14
-4.027611705071721E14
1.1859410112522728E14
1.6579544511461794E14
2.7483670860228266E14
-4.114783872470247E14
-5.451130713390204E14
-5.983023929961811E14
-1.1880914046310469E14
2.5410076028719694E14
-7.273926033303117E13
1.816687670239235E14
4.894592473773805E14
-3.5603587419155556E14
1.3767395426126936E14
-6.599440724231903E12
2.0607946321390878E14
1.6767202726771034E14
-3.186676634825148E14
1.6026015585930162E14
3.701885703076471E14
-1.9076419531789772E14
-1.3713252594221631E14
5.118798897225093E14
5.863847793142401E14
-3.1261549910520812E13
-2.8914830776122506E14
-3.8879245382845344E14
-5.681856623556764E14
3.438760710696668E14
-8.57652823819114E13
1.1770841090534105E14
-3.0212133262303306E14
3.826004514389241E13
3.977425296082021E14
-1.052857038535746E14
2.861194155497128E14
-3.9900217768596506E14
5.464085641585438E14
-4.50394056374696E14
-2.6984012112984253E14
6.332596012835121E14
-1.2322852063772783E14
-2.6664116709118134E14
-1.0602413733909217E14
6.2859195689952805E13
-5.831863093738304E14
1.1630252010892134E14
-3.4282784309755794E14
-2.8238358105726445E13
-2.3476967638832134E14
4.23876379328922E14
1.2637320311210975E14
-4.701173219495262E14
-4.465332020624815E14
-5.955355370441125E13
1.1944398640898875E13
-3.990571205080144E13
1.6072080173883056E14
6.937876438979996E13
-4.748178237058838E13
5.697554851042195E14
4.768729947141635E13
1.3927348448785625E12
-6.80704012695341E13
6.501193970083826E14
-1.1595886483852447E14
-3.875194390469784E14
5.238376103262486E12
2.565406903229054E13
-1.776268639911833E14
1.6864214797365422E14
8.626253079517111E13
-1.5355580509293712E14
-6.081355350962569E13
4.06817051571769E14
1.5287461592348016E14
-1.6085825817403622E14
2.456709615852585E14
1.3604500974225389E14
7.576740156691873E11
-5.2113303499196445E13
1.3118641970700833E14
-3.465935697626658E14
1.9873794724713885E11
2.3719438124676957E13
4.543211285488259E13
8.41906329505924E13
6.890051724967798E14
1.240335090659634E13
3.6129758798792555E13
-2.7838438266260138E14
2.132307768249219E14
-7.826141413263166E13
4.31653139214352E14
-2.1375840170184605E13
1.521036153487325E14
7.34988596184448E13
1.7163212774058053E14
-1.0474019862139312E14
4.757683580580481E13
2.6599747719231072E14
-1.6703796322442947E14
3.21907368779804E12
-1.509994041677742E14
2.2566661488777056E14
1.2018533566294366E14
9.00004625339177E13
7.543884424979426E12
-1.7871077202813253E14
4.65000682070619E14
1.5082958584630584E14
-1.9757784700424003E14
3.341779906812556E14
-5.531764092919483E13
-3.2962670628618744E14
4.239372761463915E14
-2.317615898665344E14
-2.559134816996049E14
4.446811595212149E14
7.551816881958124E14
-1.5488615782093207E13
3.010329345409391E14
-4.5539307853522856E14
1.989049662014122E13
-2.4465162506227197E14
-3.070317780355582E14
2.8256076281993875E14
-2.6340395259600422E14
-3.222649862375978E14
-6.246738444003051E14
-8.805072820705853E11
5.705571701999229E14
3.144510072266202E14
-2.67302427301706E14
1.458188046448209E14
1.098339422733778E14
-2.343138863542952E14
1.0593721420764067E14
-9.943068890709753E13
-2.81570910769299E14
-4.875447509807338E14
-3.2764007227421006E12
-1.9399898471422506E14
4.9217341578612875E14
-3.2022334332552906E13
-9.733732149760075E13
-1.558183908375235E14
3.310791141435886E14
-1.3006370633093597E14
6.469788109300141E14
-5.581193743573859E14
5.810576885430405E13
9.96442708403697E13
2.4721658491544247E14
3.4086086678507855E13
2.6055662267815518E11
-4.470487514788557E12
-1.216523070419478E12
-992331.5954679229
-2.2225680097658154E11
9.37675692255247E11
1.1289082898461336E14
2.6943595492312083E9
-2.4567802995235706E10
-8.90149598860637E13
-1.0567659951338478E14
-3.501545494649883E10
-7.533854559120502E9
-5.1401782707178305E13
5.4285440960082404E11
4.223783172384562E9
5.965816367238358E9
4.2678913314938625E13
-3.1394467613928314E11
-1.3414208387671516E12
-3181581.2189946035
3.803886564160625E10
-7.038365932626578E10
-5.354675650995023E9
-1.0057916338577103E10
4.2345810185316956E11
-4.3726984033378186E11
-3.8826528991158795E8
1.9206362732584732E9
5.776893499386988E14
4.155511782639168E13
-8.823486478411412E13
-2.1121159400993447E14
3.3548714001177273E10
-9.340753397551495E13
-3.0277964778543125E14
4.154006582821206E13
-5.267510029864142E13
1.1547213556829666E13
4.227966604892259E14
-5.477819163505088E13
9.823197134724182E10
-1.0012726587290493E12
2.0142781856606546E11
-1.5771485428794925E14
2.766058368751963E14
1.669825471533593E14
-3.9503173262357375E14
-3.994190416424853E13
5.9038300228032914E13
-3.8988697872601695E13
-2.378812645402216E12
1.762556707496256E13
1.203300030472311E13
-2.4427335394930488E14
-1.9624478842870138E14
3.665557509637201E14
-2.4336699999651103E14
7.475648059843011E13
1.50023767618998E14
3.067431127663415E12
1.4202399778442222E14
-1.2741092054384494E14
2.2428977167731388E14
-1.5319498111677762E14
-2.3123883958840247E14
3.7143067053553175E14
2.681292171664265E14
5.4765065876322925E14
4.302914341720399E14
-1.9362358876045336E13
1.6861878047571506E14
3.35581128935776E14
3.806833245391135E14
-2.0664395070466084E14
-2.7197830049029697E14
1.8350155118127566E14
2.7466907477327016E13
3.395530452185061E14
1.6978414422826166E13
-3.3978751619041794E14
2.3657318194090175E14
-2.322297560696196E14
2.741054232211419E13
3.317336384186108E14
2.748154975560838E12
-2.819374509968552E14
-7.11620955261077E14
5.5522591047355586E13
1.4796247662264528E14
4.9970742976201756E14
-1.004331568690521E14
-2.5667720368835103E14
9.966939579076671E10
-9.141520298642558E10
7.092579363273016E13
2.8165875898188644E14
3.302135244831592E14
7.452000676946803E13
-2.182119359649076E14
1.3216798199593982E13
1.894191091795374E13
-4.6214493206112634E11
1.1428861944813797E13
-4.198456692246949E13
-1.6150288976222388E14
-1.5543977641063494E14
7.434957466698791E14
-9.745579285531182E14
-4.533885667247171E12
-9.705042520113152E13
-8.006112000314352E12
3.780354217942629E14
-3.834706282547068E13
6.679425555846005E13
-3.90827032653981E14
3.863875435538598E13
1.07591481081975E13
1.870850332018561E14
-6.64933149896029E12
-1957528.7187843402
