2.518103526502043
1.9026479048570515
1.6075666823667212
-0.6090188706192188
2.224502484318769
-1.0377993397657101
1.6244352957249044
-3.13732818688436
5.461016274691472
1.4127484910995842
2.828736519241091
-3.1412004659259694
2.4410044111911775
1.692167235290709
2.746333457531196
3.970477143498891
3.103062222112015
-2.336555541217142
-4.39906063662259
0.7782164235068234
2.2814934030744367
-0.14621606741740847
1.7557469278053563
0.2016520005530456
2.243204038913696
4.322258988673471
-0.35755306767207756
2.724262715206106
8.074277757748943
3.0543739303054545
0.00917026823532913
0.022209386217163122
0.0076965608970040525
0.008274954542312139
0.015106631417483932
-0.009306944105661507
0.023041822668542055
-0.007031154489503865
0.015794837337950014
0.008223246550840167
0.01938808050134125
0.012555552121384692
0.02159287331385515
4.3259751403451055E-4
0.020443756296624323
0.02520629645432087
0.009669303156473899
-0.012892645978258371
0.01320575776448263
0.025821968137947595
0.020793627744807225
0.009170496896714125
-0.0023574190262227726
0.018302981777245878
0.01644416409403313
0.02692357289148215
0.0019379400228975786
0.008990130524730019
0.015719359711337814
0.040328300194093336
0.022329521567036197
7.492885115512104E-4
0.0012526839094531585
-0.001446678200720048
-9.304595651825879E-4
0.015996264606531405
0.013228032402276607
0.010742174731166064
0.034360246460343705
0.013923456524766531
0.007006465475923051
5.41994528341415E-4
-0.005587038895708135
-0.024023450291639662
0.007245481818672295
0.010402765502375727
0.018359481533361463
0.024777437562624304
0.030539688864231893
0.006897924995866857
0.013980027582086637
0.009100050118267242
0.01648655575366934
0.009556731304481675
-0.0043072757714524975
0.023133950812218255
0.01549024542746261
0.018569116157576143
0.012278245660994338
0.005789143192576783
0.096847869543789
0.3963307884681723
0.0553373682229116
-0.043405695912806144
0.09990738489978712
0.01972003785084961
0.4762818690587133
1.212288247130357
0.6088501190529494
-0.14063056045638872
0.260041118214213
-0.5667976762681864
-1.0289077529772375
4.82953215371099
-0.010181578243637735
-0.3102676272339919
1.7364213265563626
0.015440389872580802
1.952646997552621
-0.7625889859840336
-0.38019012932185564
-0.041925838639866694
0.11274556874879323
-0.8629371889938386
0.6229512450656329
-0.9552312560293723
1.7597117642625115
0.033207817842658215
-0.6742466625226547
0.019309075341880998
0.029513168827962632
0.029798460644080746
0.03398038632577012
0.044954297984113156
-0.004056493679556594
-0.0055356489752005035
0.02286293128068442
-0.07126974134288594
0.07221370315570208
0.023452160249494338
-0.07110512961852272
-0.5063408640760885
-0.011107300317574691
-0.02934194581682572
0.024333630681855314
0.1057180382873151
-0.06810439878589708
0.024455177352523488
0.03739039577921216
0.0770995311346248
-0.07293345575018247
0.06955748604218101
0.2854991158618229
0.006692819504796761
0.02307879221454565
0.017155433621292578
-0.005405540178707822
0.020318347164752518
0.010675842726882559
0.011533354511311959
-0.03686983765913557
0.03641265307348772
0.1130604194562615
-0.058060659402323765
0.028827384597931705
0.01093577101838046
0.09079270904975059
-0.017639672403308757
-0.021050301850198547
0.012534379005111083
-0.015680189145797725
0.029655894450406853
0.019852641473047133
0.023308054347688817
0.00404551766489945
-0.00955106694042614
-6.593847452980095E-4
0.029746023496205528
-0.023114420737472212
0.03236811306585773
0.012135303535463136
0.01719554723538921
-0.024848833112209822
0.026917342117768882
0.005913193989337798
0.015949104024896698
0.008789222052887478
0.004703513279521454
0.0012941559398404097
-0.023088452209395285
-8.317727088241317E-4
-0.005636968511300863
-0.004237255877124884
0.012787018858413265
0.007911122717434157
0.01277090469962429
-0.006970724959657927
0.008036352063860025
0.013438293776236303
-0.0042238128684299004
0.0028130984288075836
-3.4077912713283105E-4
0.01934894071452685
-0.007598869240268602
-0.002270608081435963
0.029867797910606945
0.018994999455044966
0.015543050371182046
-0.003993323255299755
0.015053681961994447
-0.025721942026258375
0.02547081552968725
0.006464427118362582
-0.005771202504748882
0.015564117458788244
0.015383946199109834
-0.010858542325781213
0.019393166927709527
0.021275760160227076
0.02047927059805826
0.027684854838414798
0.026889078779387267
0.03347254547700163
0.023248882387780785
0.025864890609667932
0.015497095639997275
0.013851662427646244
0.01962845005975671
0.015947990631797682
0.012943060325037328
0.023666077209361664
0.030075536916963647
0.03335037046541391
0.03410945618776114
0.02496954735119517
0.024476896368177223
0.029395028211652824
0.010298883647455407
0.019078317557416395
0.010704932161283954
0.012055850432603472
0.011629245714239447
0.02197783942424751
0.014999875306304021
0.017318749340218202
0.013921478718342869
0.01571514925454882
0.03226633193432805
0.0067312060785896435
0.01663275004655973
0.1545553858733971
-0.03497985143189924
0.01429630384008619
-0.00733401366989523
0.0217913084896338
0.002585359847770467
0.11420231381071273
0.029740732330655266
0.20687484382828733
-0.09287572335289339
-0.06950408355091306
-0.007507731242531417
0.2280133903637754
-0.12106611889076607
0.10527194105987918
-0.004941354317453859
0.008159402783960193
0.025701899122066624
0.009078356577917541
-0.13804296642537456
0.012256779286511959
0.005132144669937237
0.026175052874971752
0.01758920345042911
-7.667684858751428E-4
0.014370800237708026
0.01996957783698461
-0.03385761656835469
0.01207948367322822
0.01865603463365796
0.02894088724011015
0.032992432793347314
0.031167699765137422
0.3940463830281534
-0.40166249499818496
0.025408197126089018
0.033583825983574254
0.008574320858817592
-0.25267995286695083
0.02451286219081063
2.5127441256588683
0.39927486876061735
0.1411177995823583
0.0633577697133567
-0.3874110506745199
0.09323978650359802
-0.18149284333104607
-0.7413232419930262
0.02244652866187747
-2.8570399566161826E-4
0.1034223873975857
0.02726175441656691
0.0202555244788538
0.017487277711826607
-0.004169362905488854
0.09708232807317742
0.016640572984668152
0.005956682153293019
0.01230171286554412
0.03251429849125251
0.02774778230563192
0.023510416689869564
0.019498565059330553
0.01431520880702626
0.012187192300933977
0.026502539532333825
0.02896458943216365
0.028690777350345396
0.013803040662234934
0.023819209164897662
0.02328479794302131
0.03024741704864188
0.025678055609690435
0.02569290587046345
0.033931765137163186
0.032520996176765585
0.026553450178229236
-2.3636502044231968E-4
0.02966266640834686
0.034374195442229805
0.03313097246467906
0.03310747638525245
0.016380718247896737
0.03251774726164645
0.03165027210446249
0.03429670574495427
0.034374195434114026
8.508199461502655E-4
0.01916402543016205
0.023549475478545943
0.03385197053001086
0.9780547642998648
2.579870964471602
0.01583474207272005
0.06167306743849855
-0.22012943828916418
0.020500151463486438
0.007199398532550773
0.01610274204958953
-0.31378298794016507
0.031162030651630562
-4.694602209867762E-4
0.008306528336802564
-0.264999704397281
-0.002942746062731732
0.016640556455617104
0.025750197012490542
0.016024192370990467
-0.14152938854987204
0.1271536173271106
0.005758743164915143
0.011260972693395044
-0.12524771746288918
0.015796152186669465
-0.050224905254360075
0.013873920315280704
0.01502056744719604
-0.002298027894714896
0.01870743503074428
0.03689875353779638
0.017553323528992748
0.0016999950639294728
0.009506485062104551
0.0300235828269396
0.03146222420602308
0.015503826232468817
0.006631280714249036
-0.0070738893501507485
0.020155734140878886
0.017658396733951844
0.0011008557680856552
0.0030703371402824647
0.014119553994756902
0.0092989713022979
0.0016280080258048012
0.006628524504640541
0.007859702085165439
0.014706137533248611
-0.0038233834887271964
0.015392673461443953
0.0016647973871725384
0.01580957859825368
0.007036002793284476
-0.0016124267053789112
0.015245456911719057
0.03437573735384842
0.0262821449999761
-0.025548971102698253
0.027691415197858327
0.03437574119926333
0.027098291421252762
0.022956137279279778
0.023604141799577164
0.03283740103925726
0.030122318220075956
0.0240861500783395
0.02008908293475064
0.016845723622070975
0.03130752817088307
0.005323188073829667
0.024077367356063556
-1.6084525599361298E-4
0.02443177034482025
0.012700606912275942
0.009287337671403412
0.014574404434521493
0.012492954592700169
0.023025446897814383
0.0127515378650022
0.02208120101751337
0.026424064245367758
0.018960135151073906
0.0064804333499569045
0.019148097792043694
0.03149905388376108
0.03087116845178013
0.0191157991450466
0.020544561819717772
0.033455087789406125
0.03377377748592199
0.026518978550620412
0.026666909022707106
0.023882768433887033
0.032895077415659925
0.022901562612793552
0.010943396153744036
-0.0048845092342939735
0.02900877396185415
0.0246572286123056
0.02155820272126688
0.025092402668170314
0.02474247616974355
0.026068438420698965
0.02157183256334673
0.029223957054741557
0.010388921392573155
0.03233427966057006
0.01418894513474393
0.02605766419742289
0.0245339264762711
0.026198172551082095
0.02399533569975168
0.02882846387337493
0.023077434326415767
0.03337933168665353
0.03162042378859313
0.030950266518775325
0.0272334280939646
0.03139260899550287
0.008762711483992046
0.01328976207922797
0.0031667688688659474
0.0063341492801780265
-0.004948437797515022
0.0028790300542243822
8.200344724105315E-4
0.015683397864087983
0.01715896284121746
0.023296265092533533
0.008826159432963235
0.024948087147368323
0.02657653679632339
0.00214806933224356
-0.004620077638239661
0.018286104277363102
0.013859916156012893
0.01627913797571416
0.024180145042046613
0.02309576071694579
0.005346827962847061
0.001855144625290774
0.028781440449316735
0.025453875506965793
0.02584798686679794
0.023098861937370572
0.016864790901622077
0.02259422579887719
0.019423760311197327
0.01804591880086533
0.024811297836688402
0.022490212599785335
-0.0525421517451946
0.028125366056640674
0.03754734343208343
0.026100614469181417
0.0016752897862679073
0.0769033990112899
0.02980508593729152
-0.050959542483932384
0.036016937504225986
-0.17349562482262967
0.026565178604297135
-0.1056474342061119
0.015812022522542334
0.07989026183001915
0.05647833236041581
0.02229242807053811
-0.0043738774678849955
0.029611234459019066
0.03497722784125672
0.026357675212432662
0.03283465940768979
-0.04327550978361562
0.04273049703989359
-0.04818742506647009
-0.054446262773077014
0.040619281793422
0.03973103573242967
0.026629775240878263
-0.014661552942508989
0.02742234133382812
-0.006936271063057792
0.034373090474349784
0.002381680483920311
0.03400014043172218
0.02018197283153882
-0.007402811086854614
0.030084671955565873
0.006012996435417812
0.013522799978939268
0.015496322705483899
0.021113593482943012
0.017584914011567324
0.00766359148141146
0.017751791969852555
0.03435869230526419
0.020168468045070054
0.02129553945244172
0.007277723320207268
0.020812150857565173
0.03011656504527858
0.02832764292526195
0.02232460423361522
0.023970352211019647
0.025154758799395046
0.020178863935108836
0.018689656248853593
-0.0022515392978156405
-0.006169210970980738
0.014312282596044059
0.030237666970440127
0.0343639905021777
0.03429657393042376
0.028753033460026674
0.034334446399836384
0.02539999331555862
0.02913664845833231
0.021989213369186796
0.027244826711226834
0.023799969817151954
0.0209433932680505
0.03436086098632281
0.026991173227666428
0.03038993533183145
0.031061505171301813
0.03178701615046289
0.03419820854456371
0.0320185366095673
0.03153151184278593
0.03345774208842551
0.033239125543018666
0.03436578705795622
0.03104707401589844
0.020119318401348837
0.03155394684877118
0.034103361248187684
0.033938291172183575
0.034372637464865755
0.03435845883680834
0.03417396063235833
-0.0925511732697283
-0.0013803059794546102
0.10072976984711277
-0.0693327017519738
0.11727419495668931
0.06594710063870929
-0.27686526855376675
-0.06102812305020733
0.22259042924556638
-1.389558192337171
-0.009569686879752204
0.028322262679054827
0.03119201477756072
0.2732969463509393
0.41509529454618
0.3152318407139225
0.44462112740575116
-0.29595324191262207
0.14736088803323755
0.06360784458882067
-0.31609546596474797
0.024394310017996235
-0.09587533186085759
0.05240654168685747
1.689899723628816
-0.04849053278443792
0.05723784505039262
0.042399792400572345
0.027203915170023265
-0.02295252086647563
-0.19876016503761276
0.27875859441912226
-0.015164641486414785
0.9246595882413411
0.11011578478442097
0.3891193212492027
0.0018634343333183085
-0.02093805521615079
0.14529224113707795
-1.5441789370971226
5.503280224308599
1.7369596525189215
0.02970943800961229
0.020148617201549996
-0.047725063195467224
-0.6976641388703647
0.03664413310913138
0.5515216397334866
0.02427568473962939
0.011201400540892385
0.25007110103786817
-0.6384364406728592
0.409038683194574
-2.2611593461986734
0.1000647296137052
-0.27614242316269433
-0.12632564285400133
-0.02455329723435694
0.0313572735371215
0.026289294523511905
-0.012043546529947918
0.03393680438988861
0.027673889078198913
0.0061757756194678005
0.008264049322955032
0.01612853305073894
0.026553713050819657
0.003814403821771564
0.0036971386384560987
0.015465773818702212
0.020737049205543475
0.014568062960211865
0.0029021120147565823
0.025807625522992195
-0.012543699293638823
0.006909368353967761
0.010044692884469969
0.029824483711800166
-0.021861622493428424
0.011266997510059742
0.014696435991769431
0.0043869518908312205
0.03422315552769352
0.02517498705668271
2.510714125717452
0.026872539871365734
0.0126380522334146
0.027471704689532233
0.02789047079958493
0.012277208057277774
0.019031161830468497
0.032958429507657205
0.023917978824204267
0.034369889496174366
0.012939404774277598
0.019920266126332686
0.01825886644279426
0.010207334021576427
0.020417690790340472
0.007884626590719403
0.026654277361985366
0.02305867843347321
0.028053414313523966
0.014625368447421681
0.02595947289220338
0.025621844376158113
0.015368429918022565
0.034018220855428855
0.03312923387332551
0.0323312275965763
0.033414086454171946
0.03403026639317158
0.030770035350921758
0.033433312574749324
0.034375741199782706
0.006913610291450236
0.024127449991910025
0.030019304998805837
0.024888015482061293
0.018434908298191013
0.021155289744018778
0.026050203423160407
-0.03024803550856698
-0.018568453481839782
0.026699895225199183
0.026970503409112997
0.007528852255143208
0.015084021987823949
8.091244512745602E-4
-0.11376138142367577
2.0675056112977095
0.3816050147056089
0.014969089941279986
0.00931309220723397
-0.08977632983134859
0.04421215913204825
-0.04938320017925838
3.2308381478662676
-0.21246504531682606
0.1914269637065971
-0.12991979355365826
0.23408979474434902
0.033061022083978577
0.016306369304076716
0.028472148734114484
0.005775458124663539
0.03085601318018662
0.0074921791488504665
0.029204228212746937
0.010032799754786095
0.05671305829083098
7.890960042916857E-4
0.01908013675892057
0.001781177749626267
0.015847401357610674
0.008345758081536526
0.022527554267041373
0.004730988445543035
0.02132147050348776
-0.04223581778864064
-0.033635812900856946
0.022903773423029572
0.018143048125941915
0.004450627851948969
0.03502006676615134
0.015663532075138417
0.012843115593692968
0.020635587917213833
0.03337449881711324
0.034323421763617315
-0.0016257741646509862
0.0323496207612674
0.02479951444686378
0.02707227757967298
0.02935541531233781
0.023919239418371912
0.022208996129170044
-0.027303701014412037
0.05671893504495988
0.01669559905777397
0.08813793581004659
0.027955052076457557
0.02304748144073423
-0.012343417458169996
-0.07660812982368531
0.03188680166444274
-0.32379926199823406
0.02808301973125069
0.031289187547433865
0.026125155723267717
0.0393968402704689
-0.9647972303637041
0.026302933566628696
2.0859630566950895
0.008297688808769065
0.024992028608705665
-0.7638099681422866
0.02820524747791309
0.033578271829838614
0.04953520709289608
-0.03662324220950123
0.08437301702634012
0.26046767038281515
2.5491297521045935
0.024312864020799036
0.029078510958411623
0.021461343266435298
0.008803558460133566
0.014449902626369963
0.0178366510298614
-0.16765590936813335
0.26107409177208835
0.0169101154757969
0.020880691518673295
-0.019534262641479446
0.02046020371799471
-0.07675529552099027
0.21284570531253916
-0.053995593106162205
0.5392120020759236
-0.03378039943100341
-0.014041383367745047
0.026044938264568555
-0.05502904135921394
0.01515293345487028
0.0014198959115069535
0.019940495117304377
0.01694714415523493
0.05205908623610093
-0.04628189808894522
0.021790724942146292
0.022034033982311012
-0.024161814702951583
0.025968644299186255
-5.105307643464269E-4
-0.015436951996443904
0.02164540795315755
0.018930243959316636
0.043929330557754345
0.09934342442708927
0.013278421302067633
0.009287670686466628
0.018470431597574177
-0.0011854457311957075
0.019553915234124912
0.01964516089950851
0.007337340505051903
0.006531646757462775
0.027495891273576854
0.020927525037664835
0.011222359187770202
0.027493075394293787
0.0204317140188361
0.009029878048951018
0.018472009788298105
0.00409345463591705
-0.01079116443099448
0.017849216888436444
0.0020981623998204426
0.027880734445550982
0.019831362424319834
0.034375741199782706
0.0278265643878752
0.011557320716378076
0.002366008636203144
0.019924899625820787
0.01064414775777511
0.015526260911407271
0.01968084203804154
0.021249948900809335
0.025646261590591666
0.026158541106581522
0.027137507217659496
0.03437569443504322
0.017588688318331203
0.021253236825366395
0.01935356601908375
0.023768421059986132
0.02425324890599056
0.016692325337650634
0.023690949722206058
0.01874253087046783
0.0283802326005972
0.008347655206801446
0.023261582416713354
0.021387887309710443
0.0332374272349216
0.020866416988628525
0.005069298271513014
0.0038424747765481862
0.022967340154240734
-1.9883686519424983E-4
0.02808487405474194
0.0063334824388496845
-0.005911372813925409
0.03228806204425174
0.026883695121266656
0.014738242005682625
0.0294545539028474
-0.005453064622993319
0.0208842856096884
0.01966894947431877
0.019870186068301928
0.03299433211644298
0.025606281869101265
0.0034487533995715973
0.025977484705425984
0.03242585557536589
0.0301066382623707
0.027723207835386097
0.0058194381508699464
0.0343757411542748
0.03437574119568443
0.03431858807383521
0.00743493410818822
0.018420643244123413
0.017606536205247613
0.026474874539809273
0.019083566919306676
0.03437573326410761
0.01924546320944068
0.016044094085071743
0.029331584971339822
0.01329158123542742
0.030134675967135243
0.0067573909020153125
0.022440639263038326
0.02709436972788943
0.011621363523804384
0.024024595025783274
0.011085874601085113
0.016288638957493686
0.02650743210316687
0.02635864466067212
0.02511574714120067
0.027611163456231515
-6.849447800115E-4
0.021244222248056832
-0.004542508237012614
0.011941748930711087
0.006554602190110697
0.018645995887593126
0.021577763536129873
0.028950745202718956
0.007417950222479689
0.015436977203199366
0.028399649199513502
0.017744098282712426
0.028106837222773705
0.00880286991251924
-0.0023193310097454124
0.032514345227746336
0.030520097324546285
0.03010652735507612
0.013083236849185458
0.02006698682936032
0.032121735038835156
0.030555886151277852
0.029719905359549683
0.009289983297457158
0.005695939558950564
0.01818455630600319
0.020239385483174645
0.025154543899296864
0.024787779077613176
0.017411969460245813
0.028985119108150045
0.026725389903462203
0.02068540329897683
0.020703291875347318
0.02063206200507015
0.022870999962156347
0.030116017954679754
0.028830511864330274
0.024976916315997733
0.007145661748920746
0.022132739115036607
0.011582680425868677
-4.0881606360165465E-4
0.021241978425591498
0.017735114348669763
0.015522314907343189
0.01093438737904
0.014812031899331337
-0.0023018903195918777
0.004206801016366933
-6.126976085124855E-4
0.007995879197751
0.023609955995186914
0.01688340858128643
-0.9656242588002173
