1.3829246333857699
1.8754457585983586
1.5185466688494502
0.854156180828014
1.4760042545660523
-0.16109179971119927
1.2818552434344181
0.6260096035501566
1.6880501504329162
1.1206267683639877
0.7912463268842407
-0.13961378781954756
1.731703175830332
1.7066152641058838
1.535122817997616
1.507903701960915
1.0578058649954385
0.2536158892191374
-0.2823831577418747
1.6559682263375113
1.512610488856455
0.9595587586585613
0.8928828520208677
1.298814815334016
1.9519061094151247
2.235421700795027
0.9570748676240189
1.4573569855337312
2.3438279673852005
1.7603095157965833
0.03756384382719213
0.044583564185465066
0.03854294710875999
0.03739702843373346
0.04299057931637968
0.02084848080738528
0.04044151420376661
0.01928086767163808
0.04238723886530214
0.04010915815139095
0.040747393590961245
0.04233633939886489
0.04445880421685018
0.023429635341966577
0.04364403712130522
0.043050788339655165
0.035588260623547904
0.017032229665094174
0.042914471303376604
0.04475450381382702
0.025422557849071742
0.031045531787401742
0.029820947235134412
0.034630900319589396
0.036060009974691005
0.04450525251188026
0.02568755877684696
0.03216901934853116
0.038552583606351186
0.03648481721524275
0.04434607935308058
0.030196956602589416
0.02234419123082118
0.028405449261260547
0.017364417927324325
0.03904173349154063
0.028375687587587052
0.035977460145837664
0.044990265052873395
0.035899298716033395
0.028452603821594535
0.027614145643443687
0.017262398246106543
0.015998724681009775
0.024088856445620428
0.026967097587973658
0.02732033710174114
0.043956023701045836
0.030629700861788588
0.034419312708329645
0.03201177780964763
0.032234617158442926
0.03980620506986671
0.02283315989349168
0.02726498899315382
0.037981632050173825
0.024020337898630062
0.04149215002815033
0.029509857042748028
0.024166986991457674
0.03626696362709259
0.025717570611790905
0.041489317064358384
0.0324399181034347
0.006612982744413197
0.03725143896497248
0.08207232596642139
0.17843803554517576
0.018080220700555653
0.027484637284005152
0.035679913264534846
0.026706335961767403
-0.0993784789621212
0.9289254628615443
0.037028864404810256
0.03616097911885876
0.45086054971655476
0.0367048732110267
0.2413222775483275
-0.009426018384829104
-0.0303614463591702
0.006191426052217576
0.04266732697788127
-0.01871964093380719
0.029163681813192385
-0.007553854598821508
0.283916216301141
0.042707361568972105
0.014454804871964662
0.03869313998124215
0.04492817626103581
0.04493189926287532
0.044990134126769464
0.04476873508126201
0.026296198233782014
0.043121381890956184
0.0434766148154186
0.003275995627231936
0.02961003508726301
0.028569803208761648
0.03809469903202568
0.015156685723214595
0.026668524909179304
0.0016116276163434771
0.023216336855480583
0.024554066454158658
-0.014847875965429424
0.041043130195449785
0.03407291398012666
0.013015034379980254
9.694168258805775E-4
0.02409792286437621
0.025428923193586195
0.02620645601007138
0.03366956744283617
0.03802016096981467
0.02546286865344373
0.026854215378546913
0.03192354957480572
0.03223172779665253
0.0235583209151424
0.02033167223666403
0.0074773946005022365
0.01880615679114195
0.006880143439949354
0.03300765342352038
0.021266293470126898
0.013875158502573664
0.01747939430202006
0.014328660217459065
0.012261815038568113
0.042359285174468984
0.0382430680639669
0.02428147678745698
0.02050245791065418
0.011351713156725025
0.021485654771602847
0.018224645315615705
0.023315970757575914
0.028806369338707276
0.029059506345486326
0.030667882532145065
-0.004019906063268873
0.014779274244757168
0.028585963184075105
0.023494184889386822
0.032397091666211866
0.025796204059422078
0.020327172868572822
0.02027557388925081
0.01980423388276042
0.017833915923197892
0.0166234480829848
0.029065834551049212
0.034944289125896616
0.03206806496765904
0.01806532199974428
0.0317060248452099
0.035776235596852765
-0.00802551399255852
0.02098536914427562
0.023062803917592346
0.027619559372866545
0.029388770457538207
0.018812993374394512
0.04496547736835671
0.029186287678657247
0.03568491828937675
0.006814793124665995
0.030433072468589503
-0.021477436595051316
0.03712198232254122
0.03475602553064348
0.022540208585085004
0.037111697413507526
0.04174574967612269
0.015419508132876056
0.0302805537104943
0.039921505809549646
0.043395106333605285
0.04439626285075244
0.04449670410221576
0.044989250826216895
0.04436071918337342
0.04424501589937556
0.041943963733086176
0.03764108940073773
0.029794389738922216
0.03943634102240772
0.02926412987467794
0.042857250279348176
0.04483824377131083
0.044989526855670293
0.04499021419581482
0.03758963571448936
0.04287523128862267
0.0447352935247558
0.033805220099911264
0.0430668151164
0.0388096100607839
0.038547717203862956
0.036835808944492184
0.04380363224572782
0.03738281234623713
0.040613844899772905
0.040193662795377325
0.036577352799546575
0.044976625540235994
0.033926336218831205
0.04090760780989692
0.04140041056522779
0.035073731316076474
0.015954075443582367
0.04288503712334059
0.03228890320405001
0.03300024837135362
0.023376868467830395
0.04490390563907084
0.04006180058734024
0.014266562036524981
0.04899533260010648
0.01061918576846992
0.032382807825975884
0.02770377690637305
0.01162216213139091
0.03391927806896609
0.01030662790357452
0.0380816642646019
0.010785052128681881
0.012861397645764659
0.03039119422085929
0.02733073956246963
0.043531608852345416
0.04205810836178002
0.029997147874698087
0.031151464334114653
0.038786336733784885
0.03744563957809987
0.038252143713455256
0.04216922750219511
0.04362618609787795
0.04498534446341318
0.044948561423908386
0.008922171568606193
0.017822576153262222
0.03277040562064149
0.04498996583274836
0.03229905255987376
0.019154447092058144
0.041061719044509955
0.21124633229662532
0.022869408931777132
0.005109046952269445
0.04496776117731076
0.013332430797679774
0.025208910514747995
0.024553572224627087
-0.004039612609795559
0.03365889685710861
0.020861401757712148
0.05209861420971276
0.04368686707865943
0.03107205109532176
0.04195149948429354
0.02921597675138279
0.03235704277255966
0.02616711289290717
0.02050969067640449
0.03722372185110277
0.044968008616944534
0.04358672592450527
0.0355055858660422
0.03357023639120022
0.0396020924252183
0.03710297350686071
0.04441851988975815
0.03312262029626789
0.04138445150518266
0.03769105519039731
0.04352613848465684
0.04396745733518049
0.04484058936796057
0.04288258558930747
0.0428825855983229
0.04499000914194319
0.044974496673149865
0.043182684221026654
0.03009316565025224
0.04495532238655352
0.04499026506242568
0.04498530852667091
0.044985308460916994
0.04214291423938958
0.044974496672736196
0.04493753525079727
0.04499026413419344
0.04499026506242565
0.030886189606412835
0.03819442561288076
0.04397944449603961
0.03295453269658683
0.08699231881401674
0.3973970512130304
0.04249672041381929
0.04406730558472435
0.03951860223844693
0.04318191231701871
0.03162012330632515
0.03937193651167373
0.030089846136419157
0.04495811916102275
-0.0032622986756053107
0.008777123342746388
0.023598622776302945
0.02107991642746936
0.03815226770953017
0.044683523482201185
0.04134384976246943
0.06811730461929813
0.03132628523942061
0.026464435570806338
0.03615840740607876
0.022885814320214023
0.04105550915983658
0.01719379686807003
0.033369117215172356
0.03812492923429203
0.023726757869256633
0.03545229362320298
0.0315389626621937
0.04346208908586771
0.027217211770375192
0.04098024440114527
0.044900927425278576
0.044923951252203304
0.03235691556099433
0.028110421832690427
0.01845791795797612
0.03622146887605883
0.03913705409301072
0.03610604309700251
0.02291360543270239
0.03901116977647796
0.03440641806192645
0.02103328017304503
0.02598362331151875
0.03341780606875669
0.03865451415924734
0.020349957265553553
0.04208008205685833
0.030315660185850954
0.043254091781842675
0.03865447186153477
0.027137798852965102
0.014708245452617029
0.04499026506246351
0.0447799082655505
0.006144078057430777
0.044885951347071
0.04499026506246351
0.044775810825310555
0.03998985620288729
0.042666569414497445
0.04498720181225955
0.04494236682525986
0.04394831101577876
0.0435540802672472
0.04319449157880544
0.04491681709490433
0.02651963368471825
0.043336028364657726
0.023122225412432883
0.03114107347531175
0.04017731064034167
0.04323041380063231
0.040010455608475014
0.028610863827424754
0.04379686401815046
0.032801789433033926
0.03900331721036957
0.044646980148155165
0.04243856221886893
0.03795656958202879
0.04279380372466216
0.04494808755813589
0.044916721772775246
0.043174787944829686
0.04046821453657062
0.04498923438560069
0.044989971859584685
0.043581664165500834
0.043581680957660324
0.044513043942020596
0.04498591864707923
0.03503223915321008
0.03573074022868582
0.024510419253980464
0.044837015921370627
0.043927357895433276
0.03831238866536477
0.041199749541071334
0.043616042998571254
0.04365598355342538
0.03953353970593505
0.04484274931824804
0.03726433231005444
0.04498356978453616
0.039071876662763474
0.04342181170699872
0.03948775993411912
0.036776031203409006
0.037918278317532673
0.044702564840437026
0.03971776925659618
0.04498545090978477
0.044974088620280496
0.04478114208796176
0.04446681838156298
0.044966368981259545
0.03682952821278559
0.04335177054493661
0.030741426041166822
0.028913862345353602
0.03225582762178201
0.020037212014149933
0.031572116927490526
0.04079276824335738
0.03814182460374736
0.042514278593862684
0.028349356977311106
0.042428789276646915
0.044894785938322024
0.027842251240505364
0.006106649268771291
0.04280648128716542
0.039509469439786504
0.039701538500007294
0.043722044767163945
0.04423501928583088
0.03485407764377432
0.03331427245979634
0.04465551419096401
0.04453314419748162
0.044260250412385606
0.04411446785430968
0.04143608700016449
0.04413997945902841
0.043280663431162804
0.040942211518473375
0.044601948499619654
0.023645229714155842
-0.029423457840045308
0.035803008877912296
0.043839208571508186
0.03495570549027741
0.02080606488987847
0.03603582082516395
0.015205553509452935
-0.0046261614293574855
0.033309241496402395
-0.10628986811757424
0.023577000467076357
-0.046670332083638875
0.013138011509547262
0.05151809216169482
0.03901054391264023
0.03932243317397186
0.01728898837198769
0.0238516484380785
0.028809824045949527
0.042317093174226
0.027996896548012257
-2.9444479242792253E-4
0.03041139350624467
-0.02526096568940672
0.005651730529129104
-0.01196903333558089
0.017712338151609885
0.026561910742408337
0.01522827058392296
0.027750673811142317
0.024386398969195207
0.0449902650623909
0.03277610392518835
0.04499000534941618
0.037005123490839606
0.026928823104791496
0.04495848936173605
0.036274803194068506
0.041479193562262096
0.03589380687043523
0.043548831267942144
0.043783093299403164
0.02357575957161114
0.04353736993613769
0.04499026505472714
0.04288890739813244
0.03394078397219232
0.021626310936947255
0.034712631497280946
0.04496896833302651
0.04483175874717134
0.04423985348784372
0.04472392306369376
0.04454838140269588
0.043979621282865394
0.03876838985138956
0.027788412328607518
0.027710650752801696
0.03327155945179644
0.044922096962209494
0.04499026505197181
0.04499026361756824
0.04487139030048871
0.044990264894009216
0.04481738099819586
0.0448005560797412
0.03664786408248851
0.044823732413068855
0.04463561722367503
0.03664745909483877
0.044990265037137156
0.044798384942463555
0.04493536564455227
0.044900498906934705
0.044976431733680246
0.0449902549265203
0.044965147191212494
0.04496442949135932
0.044988433941428686
0.044989055898816604
0.04499026506121547
0.04490049889197282
0.03850163153228149
0.044928510741273915
0.044990252121868836
0.04499020730509354
0.04499026506222292
0.044990265046586216
0.04499023598066097
0.03061074012370081
0.015608128954650377
0.01853459373022139
0.01763219147777647
-0.0013359285872385797
0.042383477565413816
0.012039293194290764
0.02115475514772594
0.008948373934732905
-0.04494426586191673
0.026019031059184034
0.03436531851709816
0.044900113977784616
0.03643861565691684
0.04891501643077072
0.02971275263835495
-0.01955102127166686
0.03247564501034171
0.02830904798306788
0.0241326535997052
0.011513160838006615
0.0362878103596671
0.019708112511075817
0.029630835671163466
0.17050037355623987
0.01838573404107567
0.03629295164966362
0.0402419742467429
0.03330165825423932
0.02503364405121292
0.027338815956733566
0.048114590530749284
0.005265874895485714
0.08495822952360073
0.024086293500773653
0.061977746514500595
0.012963012135566686
0.013740169676536752
-0.043712657184425796
0.03377590179795783
0.9441339614878702
0.4474656511742499
0.030832787612116812
0.043054352607598954
0.01649269695019448
-0.02221844771779649
0.02319817036570935
0.020031774449970324
0.03801132562412113
-0.004825946061758741
0.02374701133495133
0.06506833077035355
-0.050753308642845725
-0.4633948278013276
0.036854559755985186
0.020847089700751015
-0.01895664525440201
0.017552435068812076
0.02617618109816232
0.040168269133497754
0.015373951959278676
0.044990009142916655
0.04487931908068031
0.025742280889577866
0.02637691187546957
0.039315432245475075
0.0435595692112243
0.02426137439496392
0.018421232191199052
0.04292982760387209
0.010069864280899798
0.04164490194384532
0.024704881120441582
0.04491582326994321
0.013985491340337955
0.030728839197139604
0.0336299574108109
0.04494712455266404
0.01095943726188222
0.04230871779028708
0.03359353213611336
0.020209939491330795
0.044990248453949985
0.04437539809344039
0.2473154686309386
0.044487499936365985
0.04287607927333003
0.042480079952085775
0.04478163649380128
0.033285782107429246
0.03962090567630805
0.04498737338461664
0.042337497714373375
0.044990265061008894
0.04098509516216856
0.03762863679189218
0.04106823550921552
0.0364153641679761
0.036227332012003954
0.03041848594220132
0.04225353133543125
0.0435895828303369
0.044897720098221246
0.03841386373429097
0.04362794727000827
0.04403197228575812
0.03355588647983366
0.044990134387793625
0.04498398965494034
0.044984882071988246
0.04498998360874904
0.044990134389979175
0.04497553296899411
0.0449888650223972
0.04499026506246351
0.033304930644130946
0.04430391949158146
0.04492221725528946
0.04484793317470728
0.0430721012370597
0.03513696024288932
0.03931062633931377
0.029679494568885672
0.03103984074159545
0.03182005143656484
0.03234721297389748
0.03917940012827398
0.036182808858808986
0.036345640444548695
0.029137070551272463
0.6654784938239874
0.037493159571417405
0.03967731575100063
0.03565015878908639
0.03606378277487596
0.034793964599475036
0.025010659688447723
0.680722179683211
0.013163560705807617
0.04545949116216263
0.009995909026353843
0.03117229882536768
0.04498128057285312
0.03521064946492534
0.04437167944873966
0.027928953506940187
0.04487209543539642
0.03294658055211529
0.044859857947602874
0.03000590292918048
0.04363030189714954
0.024970927687860456
0.03868808065505608
0.03149651725646271
0.03121918752122523
0.0361508429217327
0.03499497223155742
0.03339404244831695
0.04052075080694958
0.03792783860349751
0.036480417187681066
0.03810591558090673
0.03971424110701777
0.03345896304848442
0.020320024879357534
0.04317968269599499
0.029163065957446093
0.038964609905508915
0.04498858441408478
0.04499026495786693
0.026359847390957983
0.0449682558662713
0.034950451077829105
0.044435977093929595
0.040661545136796526
0.04304827924452915
0.04443104916501555
0.043005111006179826
0.043332730464134106
0.0442861632199441
0.043452881530351456
0.044572665517499804
0.03789228281437256
0.0338032324202076
0.03366716964310962
0.04415849393855223
0.03216109576938611
0.04230411189593768
0.04497205808944647
0.04258236455171521
0.02025540485515278
-0.0033834768887841277
0.026853235954987835
0.2693246853355655
0.04043904717414872
0.03908271714970625
0.004299886827453981
0.036176958007971084
0.04498887531418158
0.03363126147096896
0.04149161803167683
0.042713241074165645
0.044853258688036246
0.4357076930248935
0.043661113596214225
0.044176710679013645
0.04463448832951903
0.039930229024682226
0.029205063719727725
0.04381994604285512
0.029279926179944855
0.019054908976204973
0.032140726090889124
0.02940847772915336
0.018335482916673702
-0.011857049140006234
0.019910940399726663
0.025420367650860913
0.025140359344071214
0.06667051604780015
0.02580504733808371
0.021436528868934924
0.030655263064716838
0.031305968981440786
0.032195152464870515
0.02583830351673304
0.024789788314718845
0.04368675279683227
0.03341077704922055
0.03685496631715183
0.03830888346319885
0.04400898270829908
0.010535277909504327
0.039894051157580136
0.019534342682475694
0.012963770782754677
0.03639234987840582
0.04412552998774177
0.012414324181618953
0.02698512027499008
0.037432805694976486
0.03316196253107529
0.04001151770228143
0.023605419471364762
0.03978625972546156
0.042548052701307904
0.040827602572851805
0.039764132468162856
0.0446146249466464
0.04354778266827358
0.025375023003307306
0.04402867290602865
0.0401220349070475
0.02988977942901632
0.04363078577925384
0.03179010493036429
0.012777303611363259
0.0431367072014714
0.03790206669220918
0.04466663682679917
0.04125450627530415
0.04499026506246351
0.04354879912979932
0.03171878015663058
0.03008847997829116
0.03405419645122362
0.03513593784337265
0.03748678793891277
0.03406350557546567
0.036970439336760856
0.036578946364733654
0.04160213558197927
0.04478329360843177
0.04499026506246351
0.041689757962862166
0.03355615309679437
0.04456105125999399
0.04299230304245313
0.03738240515659009
0.0389568257442981
0.04147583100235433
0.041565459507904204
0.0447439555958711
0.03399237811773021
0.04122989726827177
0.04286802245423911
0.04498929631041796
0.042998341334141287
0.03298299644748167
0.03142564611844372
0.04275770873294371
0.03761598068226228
0.04486584068104535
0.035277895063492784
0.02109809960567679
0.04496514501798336
0.044527665339253425
0.04109071333821723
0.044946668273260874
0.030261128500983465
0.04334217018031673
0.02993185831857494
0.040106228639279644
0.044988697352553106
0.04444969273847238
0.031560307829379027
0.04469417050975049
0.044986112270692796
0.04474902659975095
0.044457557926085474
0.03765491225238658
0.04499026506246351
0.04499026506246351
0.04499026419993281
0.02741712187058179
0.04043781184379272
0.0422857250620474
0.04325184693582638
0.041983918004509596
0.04499026506246351
0.04003769773720066
0.03472227500746576
0.044308400641090324
0.03859016358931488
0.044814161439410756
0.030457787334744673
0.044284060006036526
0.04410769608291461
0.032906699029183466
0.04427142100568343
0.03789458891368734
0.03761601930359109
0.044743035901819384
0.03641321450532065
0.043393405079887454
0.044882391104851906
0.031546173879079896
0.04313119526581649
0.02737186640462221
0.03911783936904359
0.03276632697234865
0.03511508295569014
0.04447233696917731
0.04485559708432373
0.033403313505396486
0.04220651049792893
0.044810600179905825
0.0434795114076626
0.04480956324589872
0.0372822258439906
0.02559033670703074
0.04498739703739034
0.04492310186490722
0.04494830435745906
0.04288724389233646
0.03349578983079241
0.04497223700049996
0.044977904635220084
0.04487359902862336
0.023388900025494732
0.03684405690336462
0.04223858740180112
0.04430079559868196
0.04476876203079739
0.044551960993402154
0.041871302181080344
0.04347801528241435
0.04352719432445698
0.03947941217812437
0.04252712055508382
0.044317848325811135
0.04217566600713245
0.044917561988737045
0.04466942048880678
0.0443869102731145
0.03621138354516724
0.04388039950343364
0.04048350110040289
0.030515814775717465
0.04447779494174391
0.027206992948873927
0.04149092705542375
0.041842403320289434
0.040258472141687075
0.025046008057701127
0.029749101487447374
0.03423985428336967
0.03470760529737724
0.043673053006573585
0.040598438138311786
-0.9550097349375365
